    1   2020 08 01 00:00:-1.000       -1.000   1.4601      34.4826    -118.5336      30.0000     -inf     -nan   42    3   45    40.31
    2   2020 08 01 00:32:33.074     1953.074   1.7934      34.2391    -118.4579      10.0000     -inf     -nan    3    3    6   164.66
    3   2020 08 01 01:01:35.339     3695.339   1.4872      34.3273    -118.2056      30.0000     -inf     -nan   38    3   41    51.58
    4   2020 08 01 01:50:23.418     6623.418   0.3102      34.2939    -118.4434      15.0000     -inf     -nan    9    3   12   123.68
    5   2020 08 01 01:59:41.679     7181.679   1.4117      34.2924    -118.4988      10.0000     -inf     -nan   43   20   63    52.03
    6   2020 08 01 04:31:38.660    16298.660   1.6889      34.1886    -118.2898       5.0000     -inf     -nan   35   11   46    44.45
    7   2020 08 01 05:22:24.100    19344.100   1.7861      34.3239    -118.2934      10.0000     -inf     -nan    3    3    6   120.14
    8   2020 08 01 06:44:48.263    24288.263   1.6569      34.3824    -118.4388      10.0000     -inf     -nan   26   30   56    33.84
    9   2020 08 01 10:38:38.003    38318.003   1.8630      34.3524    -118.4388       5.0000     -inf     -nan   12   16   28   115.25
   10   2020 08 01 11:53:05.650    42785.650   1.2314      34.4175    -118.0796      10.0000     -inf     -nan    4   10   14   131.53
   11   2020 08 01 12:37:02.308    45422.308   1.8398      34.1040    -118.6927      20.0000     -inf     -nan    3    4    7   301.10
   12   2020 08 01 13:07:29.599    47249.599   1.4274      34.4169    -118.5158      25.0000     -inf     -nan   42    3   45    56.49
   13   2020 08 01 15:54:48.657    57288.657   1.3258      34.3224    -118.4088       5.0000     -inf     -nan   45   27   72    29.02
   14   2020 08 01 16:31:11.962    59471.962   1.5766      34.2208    -118.1512      25.0000     -inf     -nan   21    3   24   148.60
   15   2020 08 01 17:34:12.812    63252.812   1.2638      34.4310    -118.2346      25.0000     -inf     -nan    8    3   11   161.13
   16   2020 08 01 18:20:23.724    66023.724   0.4489      34.2373    -118.2956      25.0000     -inf     -nan    3    3    6   120.23
   17   2020 08 01 20:55:49.064    75349.064   1.6335      34.1907    -118.4875      30.0000     -inf     -nan   25    6   31    96.90
   18   2020 08 01 21:00:40.457    75640.457   1.5396      34.3224    -118.4988       0.0000     -inf     -nan   35    9   44    86.06
   19   2020 08 01 21:47:34.812    78454.812   1.2855      34.3524    -118.4688       0.0000     -inf     -nan   22   26   48    55.31
   20   2020 08 01 21:47:37.106    78457.106   1.1455      34.1957    -118.2977      15.0000     -inf     -nan   28    5   33    42.23
   21   2020 08 01 23:20:40.424    84040.424   1.4787      34.5375    -118.2296      30.0000     -inf     -nan   37    5   42   127.47
