0.01 0 0.19171539028173362 0.32137261955643 19.171538973611096 32.13726186423873 -1.7876161647812018e-05 -2.988242689725532e-05 P S
0.02 0 0.3834307789018143 0.6427452363342208 19.17153873717119 32.13726146851804 -3.244762019572668e-05 -5.431622694522669e-05 P S
0.03 0 0.5751461636414196 0.9641178466476746 19.171538322442288 32.137260775242446 -4.836405173704729e-05 -8.095980005525201e-05 P S
0.04 0 0.7668615429091353 1.2854904478387656 19.171537747837803 32.137259814713126 -6.419618724486353e-05 -0.00010746226410361788 P S
0.05 0 0.9585769150089468 1.6068630370815582 19.171537014809992 32.137258589357714 -7.996593544451187e-05 -0.0001338602943964922 P S
0.06 0 1.1502922782718463 1.9282356115941162 19.171536124469476 32.137257101032816 -9.568614384224267e-05 -0.000160175395990862 P S
0.07 0 1.3420076310502056 2.2496081686288014 19.171535077715202 32.137255351241166 -0.00011136527416063778 -0.00018642173347272942 P S
0.08 0 1.5337229717138117 2.570980705467274 19.17153387530203 32.137253341244495 -0.00012700932299577884 -0.0002126093467628744 P S
0.09 0 1.7254382986458068 2.892353219417302 19.17153251788008 32.137251072129644 -0.00014262276564568774 -0.00023874572620505633 P S
0.1 0 1.9171536102440263 3.2137257078038637 19.171531006020277 32.13724854485102 -0.00015820906737433986 -0.000264836672170733 P S
0.11 0 2.108868904915346 3.5350981679747426 19.171529340231285 32.137245760258836 -0.00017377099184003194 -0.0002908868119535929 P S
0.12 0 2.3005841810776197 3.856470597291787 19.17152752097156 32.137242719119534 -0.00018931079503115643 -0.0003168999213325152 P S
0.13 0 2.492299437157795 4.17784299313238 19.171525548658483 32.137239422130754 -0.00020483035159334185 -0.000342879138873462 P S
0.14 0 2.684014671591067 4.499215352887235 19.171523423674817 32.13723586993236 -0.00022033124575223946 -0.00036882711618478717 P S
0.15 0 2.875729882819392 4.820587673960495 19.171521146374058 32.13723206311538 -0.0002358148327716854 -0.00039474612145763065 P S
0.16 0 3.067445069292739 5.141959953766779 19.171518717084552 32.137228002228575 -0.000251282285369785 -0.00042063811843772846 P S
0.17 0 3.259160229466592 5.4633321897326965 19.17151613611279 32.137223687784264 -0.0002667346282858702 -0.0004465048225208113 P S
0.18 0 3.4508753618032517 5.784704379294285 19.171513403746072 32.13721912026271 -0.00028217276455315226 -0.0004723477454074556 P S
0.19 0 3.642590464769852 6.106076519896998 19.171510520254753 32.13721430011596 -0.0002975974960854061 -0.0004981682288691214 P S
0.2 0 3.834305536839444 6.4274486089942435 19.171507485894058 32.137209227770576 -0.0003130095398269705 -0.0005239674733877502 P S
0.21 0 4.026020576490074 6.748820644049497 19.171504300905845 32.13720390363081 -0.00032840953973115337 -0.0005497465572055083 P S
0.22 0 4.21773558220391 7.070192622533148 19.171500965519694 32.137198328080494 -0.0003437980783898176 -0.0005755064553295391 P S
0.23 0 4.409450552468769 7.391564541923341 19.171497479954176 32.137192501485025 -0.0003591756849575732 -0.0006012480533914746 P S
0.24 0 4.601165485775428 7.712936399706106 19.171493844417896 32.13718642419305 -0.0003745428419696783 -0.0006269721593802319 P S
0.25 0 4.792880380619871 8.034308193372011 19.171490059110283 32.137180096537996 -0.00038989999144289667 -0.0006526795130075595 P S
0.26 0 4.984595235501978 8.355679920421215 19.1714861242223 32.13717351883901 -0.00040524754004744065 -0.0006783707953546123 P S
0.27 0 5.1763100489241705 8.67705157835762 19.171482039937313 32.137166691402726 -0.00042058586243705326 -0.0007040466330825697 P S
0.28 0 5.368024819393244 8.998423164692747 19.17147780643149 32.13715961452352 -0.00043591530550524495 -0.0007297076072970141 P S
0.29 0 5.559739545420094 9.319794676942621 19.17147342387437 32.13715228848481 -0.0004512361911908666 -0.0007553542569250102 P S
0.3 0 5.751454225518228 9.641166112630016 19.17146889242941 32.13714471355994 -0.00046654881893287735 -0.0007809870828480015 P S
0.31 0 5.943168858204259 9.962537469281669 19.17146421225433 32.1371368900124 -0.00048185346809436657 -0.0008066065531985615 P S
0.32 0 6.1348834419980065 10.283908744431445 19.171459383501496 32.137128818097075 -0.0004971503999579746 -0.0008322131047580499 P S
0.33 0 6.3265979754221355 10.605279935615982 19.171454406318368 32.13712049806025 -0.0005124398590554584 -0.0008578071475861734 P S
0.34 0 6.518312457003071 10.926651040378436 19.171449280847625 32.13711193014058 -0.0005277220752991374 -0.0008833890660661783 P S
0.35000000000000003 0 6.710026885268658 11.248022056265327 19.171444007227613 32.13710311456933 -0.0005429972648070912 -0.0009089592219492939 P S
0.36 0 6.901741258750359 11.569392980828237 19.17143858559253 32.13709405157079 -0.0005582656312689413 -0.0009345179562978301 P S
0.37 0 7.09345557598267 11.890763811624042 19.171433016072704 32.13708474136285 -0.0005735273668949378 -0.0009600655908904675 P S
0.38 0 7.285169835500969 12.212134546211843 19.171427298794796 32.13707518415716 -0.0005887826533876735 -0.0009856024300161385 P S
0.39 0 7.476884035844603 12.533505182156594 19.171421433881893 32.13706538015954 -0.0006040316630603898 -0.0010111287619640977 P S
0.4 0 7.6685981755550765 12.854875717026312 19.171415421453876 32.137055329570344 -0.0006192745590568853 -0.0010366448599602016 P S
0.41000000000000003 0 7.860312253175843 13.176246148393764 19.171409261627467 32.13704503258479 -0.0006345114963911086 -0.0010621509832431624 P S
0.42 0 8.052026267252526 13.497616473834421 19.17140295451645 32.13703448939293 -0.0006497426223820762 -0.0010876473787214086 P S
0.43 0 8.243740216333938 13.818986690928307 19.171396500231715 32.137023700180244 -0.0006649680773994336 -0.001113134281224727 P S
0.44 0 8.435454098969378 14.140356797259077 19.171389898881554 32.13701266512772 -0.0006801879950762065 -0.0011386119144113393 P S
0.45 0 8.627167913712 14.461726790413282 19.1713831505716 32.13700138441196 -0.0006954025030758009 -0.0011640804920017094 P S
0.46 0 8.81888165911608 14.78309666798015 19.17137625540513 32.136989858205524 -0.000710611723179179 -0.0011895402180091324 P S
0.47000000000000003 0 9.010595333737658 15.104466427555364 19.17136921348302 32.1369780866771 -0.0007258157719422499 -0.0012149912874209734 P S
0.48 0 9.202308936135692 15.425836066734004 19.17136202490389 32.136966069991566 -0.0007410147609553645 -0.001240433886982013 P S
0.49 0 9.394022464870122 15.747205583116596 19.171354689764357 32.136953808310366 -0.0007562087968565627 -0.001265868195324471 P S
0.01 5 0.8831131563325519 1.4803630944509443 4.158690788453351 6.971215772257474 0.16817735023601033 0.28191578941355433 p s
0.02 5 0.9434334555830067 1.5814780462553018 7.785593058892053 13.050994161770367 0.15741543068232242 0.2638755773771198 p s
0.03 5 1.036193293481466 1.7369713300434388 10.632940650839977 17.82400723462429 0.1433097419154894 0.24023018715494712 p s
0.04 5 1.1535935431695583 1.9337694837940398 12.734447551329728 21.34676309781765 0.12870772875848835 0.21575282965910622 p s
0.05 5 1.2889187447958843 2.1606152143169455 14.246801881047332 23.88192297803869 0.11517441513710594 0.19306693116823248 p s
0.06 5 1.4371141892360304 2.4090367458784794 15.333200117718942 25.703007439759794 0.10327560016893744 0.17312148602611985 p s
0.07 5 1.5945964722534536 2.673021588703904 16.122020103321812 27.025393957201434 0.09305314327230926 0.1559844445232037 p s
0.08 5 1.758869852354723 2.9483953177035844 16.704331965368066 28.001459602407955 0.08433714870024948 0.14137475919215037 p s
0.09 5 1.928202333887078 3.2322465436122227 17.142046666760322 28.73522655342386 0.07690537827044587 0.1289164612272995 p s
0.1 5 2.1013702152802334 3.522529560403506 17.477132168708884 29.296890759880792 0.07054175277979545 0.11824990232714655 p s
0.11 5 2.277498922332683 3.8177756114232 17.738103885214947 29.734327508694307 0.06505989691436054 0.10906140460960903 p s
0.12 5 2.4559513734853278 4.116917931870613 17.94461528432482 30.080455302103054 0.060305529640221435 0.1010929300359449 p s
0.13 5 2.6362560570047435 4.419157649775192 18.110411480398188 30.35849122102339 0.056153744749234284 0.09413060726862138 p s
0.14 5 2.8180572451421724 4.72391806536609 18.245285899085186 30.584448080368475 0.052503587562672316 0.08801559481880548 p s
0.15 5 3.001097720430534 5.0307275527205 18.35605252762784 30.77052063423329 0.04928186045794758 0.08260340261629344 p s
0.16 5 3.1851424873735317 5.33922099078305 18.44837446607825 30.925611665566674 0.0464097601398108 0.07777770672751207 p s
0.17 5 3.370051471778102 5.649157253754212 18.525664546711237 31.055585415185426 0.04384881228967691 0.07346949744610559 p s
0.18 5 3.5556111823850083 5.9603063866929435 18.592171870132027 31.165557356771355 0.04150957398409302 0.06960103649356418 p s
0.19 5 3.7419577362379886 6.272423144472093 18.646486182037194 31.260298820940925 0.03948983621387641 0.06607514013305917 p s
0.2 5 3.9287004264918064 6.585493699584083 18.694845618901997 31.34080470864895 0.03759500470797067 0.0629148857539279 p s
0.21 5 4.115812753236236 6.899251931038784 18.737858592509756 31.411458147329697 0.03582111010755701 0.05999721286155485 p s
0.22 5 4.303320679545312 7.213645532009977 18.775402465587636 31.473392906056525 0.034194062471276675 0.05731175835117876 p s
0.23 5 4.491417979064394 7.528772594167748 18.80547327590512 31.52581639653944 0.03283027070212991 0.054931806780828416 p s
0.24 5 4.679562420158003 7.8442826049994885 18.834729011992188 31.573401660874516 0.031444501282706816 0.052674836083016 p s
0.25 5 4.8680500213420554 8.160181097429971 18.8598683990221 31.61625148559968 0.030201132348978036 0.05055322492380508 p s
0.26 5 5.056750331632918 8.476491841321195 18.882507657078836 31.65427144033264 0.029034382373707632 0.048590698754708256 p s
0.27 5 5.2456545184796735 8.793407616751892 18.902839628745063 31.685709182401272 0.02794378876504577 0.04690407501850597 p s
0.28 5 5.434751851556919 9.110559890344284 18.921066368993177 31.714602439019508 0.026927543787345458 0.04529705915646939 p s
0.29 5 5.624029311192338 9.42761929303497 18.93740087015933 31.744241528090757 0.02598217338203657 0.04358543135273861 p s
0.3 5 5.813490466368382 9.745170419976818 18.95188071569023 31.768936264835652 0.02511368677689395 0.0421049438751028 p s
0.31 5 6.003086480300305 10.062954099653666 18.965063140181723 31.791343867346864 0.024295429126534516 0.04071396599269859 p s
0.32 5 6.1928775183350195 10.38095623535466 18.976437366906236 31.811672315929755 0.023566108876076367 0.03940871200160876 p s
0.33 5 6.382630770596912 10.699183177942082 18.988084389581488 31.829935903132252 0.022794653472962167 0.038197275831122555 p s
0.34 5 6.5725598821361295 11.017566125562114 18.998173490016324 31.84681743382825 0.02210423579990732 0.03704164608969253 p s
0.35000000000000003 5 6.7625820796712866 11.33619887874299 19.007450946037242 31.86157238932973 0.021449417624567438 0.03600069970775087 p s
0.36 5 6.952693017784574 11.6549268934527 19.0159766591129 31.875518079628463 0.020829220821541795 0.034987926938048926 p s
0.37 5 7.1428876602717315 11.973642275263547 19.023813097038342 31.88950921335237 0.0202421559638389 0.033941034012488346 p s
0.38 5 7.333168798736246 12.29259211849844 19.030958800234025 31.90163232075205 0.019691367282101538 0.03300668947187719 p s
0.39 5 7.523510385067457 12.611659039927936 19.03763607978967 31.91284069367937 0.019162186334658587 0.03211834307376061 p s
0.4 5 7.713949143505058 12.93085934510303 19.043586686035667 31.923039489615967 0.018677802502705256 0.03128782171146094 p s
0.41000000000000003 5 7.904428216350695 13.250117790877393 19.049236766706574 31.932804192367726 0.018205812420643862 0.030471186882198763 p s
0.42 5 8.094948809353017 13.56951266498449 19.05458363672471 31.94158804500569 0.017747461354542058 0.02971719320010925 p s
0.43 5 8.2855122340794 13.88898913695502 19.059624374946516 31.949796518656083 0.017304116150134885 0.0289946774314542 p s
0.44 5 8.476119923405953 14.208528314020555 19.064355789037165 31.957569236946547 0.016877273290333075 0.028293337429429258 p s
0.45 5 8.666773450252359 14.528132129314475 19.068774372831154 31.96490200717681 0.01646856594907057 0.027615208968779063 p s
0.46 5 8.857474550468735 14.847802689291989 19.072876254032703 31.971790257556272 0.01607976947425185 0.02696251103195556 p s
0.47000000000000003 5 9.048230480538756 15.16754229960752 19.076625054513638 31.978228979358903 0.01571595412426436 0.02633765448824772 p s
0.48 5 9.239019919664045 15.487374342039075 19.08016157825604 31.984090660367904 0.015364777436192866 0.025755505397275072 p s
0.49 5 9.429837899048987 15.807287411313675 19.083520102575815 31.98946039788209 0.015023616296142616 0.02521032155080269 p s
0.01 10 1.73474744846387 2.9079581492767868 2.1154145564480986 3.5460706486430693 0.17109628290710988 0.2868087979318881 p s
0.02 10 1.7661936487759176 2.960671434419501 4.155501245682997 6.965869139771375 0.16804510636666076 0.28169410893911534 p s
0.03 10 1.8173952515201144 3.046500724874953 6.05764187678671 10.15442843686424 0.16330283609281196 0.2737446389653007 p s
0.04 10 1.8867446010668765 3.1627510689556186 7.779981931680502 13.04158816483396 0.15728977731548405 0.2636649448102933 p s
0.05 10 1.9723283452480684 3.3062151254915038 9.3029883355574 15.594605003644729 0.1504514807884214 0.2522019028149043 p s
0.06 10 2.07213601893452 3.4735226166426547 10.625872496827986 17.812159131121533 0.1431894816710737 0.24002859335141305 p s
0.07 10 2.184218235063873 3.6614062950183563 11.760713000545836 19.714489919688944 0.1358246116789557 0.22768287563764747 p s
0.08 10 2.306786896835211 3.866868155704496 12.72665018397927 21.333691935173924 0.1285889933696986 0.21555379690726995 p s
0.09 10 2.4382608798205267 4.0872582348066935 13.54546469653288 22.706268424537335 0.12163523251115532 0.20389722746593597 p s
0.1 10 2.577277771722226 4.320292218175689 14.238698675845303 23.868338826058036 0.11505306517233652 0.19286351960022702 p s
0.11 10 2.7226825900172873 4.5640603724685755 14.826105555736243 24.852588009881973 0.10888648811388525 0.18253112285024395 p s
0.12 10 2.8735053192557847 4.8168629113229855 15.325005351809109 25.68924684393676 0.10314825542901507 0.17290830320962713 p s
0.13 10 3.0289369310354695 5.0774809298480585 15.750142811996612 26.400852491276233 0.09783134753129856 0.16400934114068774 p s
0.14 10 3.188306085223282 5.344555641429264 16.113825767841483 27.01167125557961 0.09291740995531922 0.15575672520610634 p s
0.15 10 3.3510451523850517 5.61737554293531 16.426380543590398 27.535307912994753 0.08837983538325178 0.1481548265128503 p s
0.16 10 3.5166893292120056 5.8950283678223006 16.696180837660272 27.98781742415946 0.08419125525492935 0.14112985249570267 p s
0.17 10 3.684848273261844 6.1769167164090675 16.93013382977002 28.37994604428888 0.08032338530582137 0.13464693987250637 p s
0.18 10 3.85519199222884 6.462459917484287 17.133947875360775 28.721655349670776 0.07674817345486054 0.1286528518301115 p s
0.19 10 4.02744310081951 6.751206387315405 17.312309257430233 29.020618611252402 0.0734393191805458 0.12310666691071259 p s
0.2 10 4.201366160986112 7.042753875651525 17.469091094622883 29.283430786693767 0.07037229362001102 0.11796545204804902 p s
0.21 10 4.376763109315809 7.336776303512324 17.60747239788848 29.515346925170107 0.06752516737760891 0.11319393730112812 p s
0.22 10 4.553463135671378 7.632979616916855 17.73011420884401 29.72092252418295 0.06487760064383415 0.10875608743201266 p s
0.23 10 4.731332968413561 7.93112321524784 17.839086224737642 29.903815943467045 0.062414650271040394 0.10462235302842121 p s
0.24 10 4.910208847949522 8.230996564058437 17.93666708462254 30.06712984983806 0.06011003534273071 0.10076527590016601 p s
0.25 10 5.090027132691889 8.532411439349968 18.023912217479417 30.213537113063822 0.05796075051280391 0.09715856696052337 p s
0.26 10 5.270659925023205 8.835211448328993 18.102497592012305 30.345215147462145 0.0559447512473411 0.09378053370767846 p s
0.27 10 5.452051712660822 9.139281149941816 18.173257819849287 30.463805848495944 0.05405731016672038 0.09061729931224707 p s
0.28 10 5.634104155504284 9.444459454105202 18.237405828431605 30.571303396700163 0.05228070149552109 0.08764016031355869 p s
0.29 10 5.816773031265253 9.750676318022064 18.295562048493757 30.66870831911651 0.05061048999660812 0.08484286479917087 p s
0.3 10 6.000028767124413 10.057812898894628 18.348189800176097 30.757431901598153 0.04904524987342413 0.08220396686658127 p s
0.31 10 6.1837414915059385 10.365813090717745 18.396617378171037 30.838228697025595 0.04755527907433278 0.07971793206163624 p s
0.32 10 6.3679381212617425 10.674546674712834 18.440729126113943 30.912469777841544 0.04615267633181906 0.07735719686620188 p s
0.33 10 6.5526329615410575 10.98406124774104 18.480540943514917 30.979935122042257 0.0448461401805032 0.07514248257959613 p s
0.34 10 6.737632229033817 11.294164170463638 18.51776651616827 31.042413505943326 0.043586403819020784 0.07302710714657502 p s
0.35000000000000003 10 6.922947508196172 11.604852116805295 18.552371560209775 31.10005725018356 0.042379406266497256 0.07101561698562363 p s
0.36 10 7.108591724977736 11.916187567817463 18.58431809844264 31.152513464085267 0.041231697830404444 0.0691309249942464 p s
0.37 10 7.2946708315856625 12.227966561010374 18.612904140405085 31.201484689271684 0.0401751919628282 0.06732085820834266 p s
0.38 10 7.481104337938455 12.540176782804 18.638828336611876 31.247143174598456 0.03919098862437258 0.06558558887539782 p s
0.39 10 7.667705191403361 12.852834898084373 18.663492411313833 31.289443623596238 0.03822979326428138 0.06393357512317065 p s
0.4 10 7.854208541523244 13.166030414572726 18.688752816485444 31.327852962038644 0.03721826624088707 0.0623936388034419 p s
0.41000000000000003 10 8.041193373506305 13.479529521334694 18.710598480533292 31.364090663074347 0.03631962428378478 0.060903287466029576 p s
0.42 10 8.228388206221748 13.793323357935192 18.730973652787615 31.39826024389609 0.03545997185588342 0.059462149375942346 p s
0.43 10 8.415783029220663 14.107421596613422 18.74997974438872 31.43033878276293 0.03463798164022941 0.05807518709959339 p s
0.44 10 8.603404688898785 14.4218348480659 18.767474158729108 31.46030123040368 0.033862976362374224 0.05674778327527358 p s
0.45 10 8.791128132438905 14.73665039041721 18.784298656392178 31.487659683584155 0.03309983070079316 0.05550688166749764 p s
0.46 10 8.979294388395619 15.051796469032556 18.798437671676453 31.512929112916765 0.03244407239384091 0.05433457209862471 p s
0.47000000000000003 10 9.167293296447982 15.367116820255191 18.813478107600265 31.537097598888685 0.03173107566229076 0.053188260831499176 p s
0.48 10 9.355557978013888 15.682388051122006 18.826936036941593 31.561496527555782 0.031078736150447078 0.05200447474668193 p s
0.49 10 9.54392852018861 15.998102837154448 18.83974747198167 31.58323137299623 0.030444302922056677 0.050925979331434744 p s
0.01 15 2.5932864028723612 4.347127496650266 1.4139685715920458 2.3702363330481235 0.1715447792593438 0.28756061263182725 p s
0.02 15 2.6144099036373634 4.382536828083851 2.805088369987467 4.702171271013838 0.17015545640622967 0.2852316899095631 p s
0.03 15 2.64924147613906 4.440925017861851 4.152311544644265 6.960522242200361 0.16791286281089737 0.28147242898989844 p s
0.04 15 2.6972501147183467 4.521401921735449 5.437871948696884 9.11550791919015 0.16491669554368585 0.27644995199194267 p s
0.05 15 2.7577477208078363 4.622814081688387 6.648224137770881 11.144422086740537 0.16128947324564294 0.27036963682685994 p s
0.06 15 2.829933421142402 4.7438190403583915 7.774369796735946 13.032180495869618 0.1571641278240643 0.2634543186709107 p s
0.07 15 2.9129384496639608 4.882960402308524 8.811642396908006 14.77096128553894 0.1526728472997132 0.255925581981859 p s
0.08 15 3.005866604691914 5.038735928330187 9.759113840026279 16.35920815759959 0.14793851357266743 0.24798941588771475 p s
0.09 15 3.1078281049863667 5.209653740490737 10.61880193736322 17.800306991675413 0.1430692345210212 0.2398270215195516 p s
0.1 15 3.217963746079051 5.394274487569916 11.394856864233523 19.10120514895506 0.13815563787721738 0.23159037562687285 p s
0.11 15 3.33546452722819 5.591241111101616 12.092785039461509 20.271142594174826 0.1332706123141443 0.2234016041454853 p s
0.12 15 3.459579880344748 5.799295739074367 12.718848821094692 21.320613786378967 0.1284702844885671 0.21535481090211223 p s
0.13 15 3.589623820355328 6.017288476711909 13.279577605605684 22.26056370832614 0.12379606468565718 0.207519413992807 p s
0.14 15 3.724975352077588 6.244178226773702 13.781434150816278 23.101827243653172 0.11927692824498483 0.19994397245050374 p s
0.15 15 3.8650768326079756 6.479030495638874 14.230588749534467 23.854744511210388 0.1149317675011917 0.19266018464540405 p s
0.16 15 4.009430654496232 6.721010747783699 14.632782888386895 24.528944339905948 0.11077157577463749 0.18568643592351072 p s
0.17 15 4.157593793451138 6.969495753841379 14.993271885220901 25.13195104655118 0.10680121667312774 0.17904546657801587 p s
0.18 15 4.309172884140234 7.223477894195016 15.316802541316997 25.675470161889617 0.10302097503317101 0.17269525993089893 p s
0.19 15 4.463820573371101 7.482878312219059 15.607606775947405 26.161236218419752 0.09942799244389842 0.16669410450207264 p s
0.2 15 4.621228600753954 7.746597811082145 15.869450558299633 26.601664477804935 0.09601700299489208 0.1609574304725586 p s
0.21 15 4.781127939425902 8.014601242116584 16.105622643601397 26.997927852921414 0.09278174028478321 0.1555291960191752 p s
0.22 15 4.943266461684471 8.28643436935668 16.31915884235706 27.35548194696035 0.0897129524345747 0.1503907801271426 p s
0.23 15 5.1074405216851435 8.561609240136155 16.512527881739913 27.679923793813664 0.08680382542045571 0.14550986032470725 p s
0.24 15 5.2734572716195895 8.839899332937048 16.688017934791187 27.974135433497818 0.08404545159540965 0.14088541784004974 p s
0.25 15 5.441148235260573 9.121001114310376 16.847607673676006 28.241643609641773 0.0814293901412254 0.13650031570952595 p s
0.26 15 5.610362191235646 9.404653821021807 16.993044690383957 28.48544668198542 0.07894716399660774 0.13233924550023815 p s
0.27 15 5.7809675099577005 9.690637600325013 17.125833948407397 28.708059348565776 0.0765910895191141 0.12838943440160883 p s
0.28 15 5.95284709517716 9.978752411661006 17.247294967403093 28.911725140568443 0.07435388405687712 0.12463805882481861 p s
0.29 15 6.125889727480135 10.268817452581276 17.358644546372908 29.098432819275644 0.07222756340549445 0.12107263877689727 p s
0.3 15 6.299985730403199 10.56066973281985 17.461033491674755 29.269940440946538 0.07020294426760493 0.11768123795125068 p s
0.31 15 6.475074698312281 10.854170175909204 17.555161768563966 29.427738176750765 0.06827777782008695 0.1144538630433004 p s
0.32 15 6.651064787158651 11.14918904698113 17.641957494670645 29.5731815185755 0.06644361692621539 0.11138037605434076 p s
0.33 15 6.827890306671426 11.445607175908009 17.722102262856893 29.70748742673582 0.06469548735488787 0.10845091832273919 p s
0.34 15 7.005503737971842 11.743304500084326 17.796113705176296 29.831827298988188 0.06303077832236927 0.10565415425389581 p s
0.35000000000000003 15 7.183809660586334 12.042209990530472 17.864844672382784 29.94695541958564 0.061438006529848085 0.10298607347738913 p s
0.36 15 7.362769179377554 12.34222929068417 17.928695211766687 30.053773168474972 0.059914696482080365 0.10043767799992936 p s
0.37 15 7.542372696815975 12.643259792101494 17.987841578334567 30.153198427101497 0.05846318491655085 0.09799765996417362 p s
0.38 15 7.722519834149379 12.945276099891455 18.043095128567465 30.245570403879228 0.05706938690896907 0.09566750201875916 p s
0.39 15 7.903207483970347 13.248155528073276 18.094557162913812 30.331887491646203 0.05573590865731696 0.09343090108447633 p s
0.4 15 8.084404384754377 13.551898025998065 18.14252127133057 30.412277200107695 0.054460139580778555 0.09129268692097953 p s
0.41000000000000003 15 8.266055254545298 13.856398018103052 18.187427236437063 30.48756324635785 0.05323484110374852 0.089238466569791 p s
0.42 15 8.448135242763577 14.161612908856329 18.22949839806392 30.55812566342475 0.05205789133979445 0.08726447616634854 p s
0.43 15 8.630628751648214 14.46756418511854 18.268890647253706 30.623924588706846 0.05092868740381931 0.08537838473548681 p s
0.44 15 8.813509946730804 14.774100095914742 18.305821243928463 30.68600636974393 0.049844534256717976 0.08355597704731722 p s
0.45 15 8.996785065095095 15.081240344427961 18.34030480426785 30.744318401989812 0.04880844178329868 0.08180379321773558 p s
0.46 15 9.180350044431389 15.389007616021537 18.373012268615355 30.798801701091183 0.04780310866534092 0.08012893980946889 p s
0.47000000000000003 15 9.364213259282872 15.697245796333068 18.403924578777275 30.850453183062616 0.04683142272254834 0.0785053281955886 p s
0.48 15 9.548383806206166 16.00596852161734 18.433021164721232 30.899242290527777 0.04589648272888631 0.07693765653952836 p s
0.49 15 9.732961611720276 16.31522404500544 18.459788008989243 30.944950593642716 0.04501791597188923 0.0754371098554298 p s
0.01 20 3.4535844916304925 5.789245677067276 1.0609095964474615 1.7784033721469352 0.17161512708783278 0.28767853673563876 p s
0.02 20 3.469461640914923 5.815860551207061 2.112109168384655 3.5405298252196356 0.17082728567259786 0.28635787771168797 p s
0.03 20 3.4957633113302697 5.859950054281782 3.1443268166259064 5.270836874248749 0.16953789038125147 0.2841964636238569 p s
0.04 20 3.532256637214792 5.921123842707971 4.149121685482985 6.955175079788337 0.16778061956843943 0.2812507495654374 p s
0.05 20 3.5786298558574656 5.998859285795223 5.119194525466041 8.581308785765126 0.16559922419040837 0.27759407512332257 p s
0.06 20 3.634504787326916 6.092522503747812 6.048593402731919 10.139260477636503 0.16304468687510665 0.2733119032732961 p s
0.07 20 3.699450940860886 6.201391755509213 6.93280724297433 11.621468761023692 0.16017223132621414 0.26849680405448545 p s
0.08 20 3.7729999014132924 6.324681932321703 7.7687566489274795 13.022771158178402 0.1570384822291583 0.2632436989466914 p s
0.09 20 3.8546592632108916 6.46156753944649 8.554700332245744 14.34024918913518 0.15369900522996077 0.2576457309624353 p s
0.1 20 3.943925295869187 6.611204193348126 9.29008220494951 15.572970593525598 0.15020636098866458 0.25179100763176904 p s
0.11 20 4.040293788255018 6.772746753547348 9.975345138580524 16.721677260336765 0.14660871461966885 0.24576027064893752 p s
0.12 20 4.1432694791883895 6.9453645804782544 10.611728981807191 17.78845083197514 0.1429490004132952 0.2396254715721662 p s
0.13 20 4.252371598945299 7.128252927052448 11.20108855664091 18.776391556592905 0.139264463427243 0.23344909836679104 p s
0.14 20 4.367141762584552 7.320642256708155 11.745696589465783 19.689318016807142 0.13558675954778782 0.2272841631623061 p s
0.15 20 4.487144895257448 7.521803642718481 12.248111331017467 20.531515603554528 0.13194207884594697 0.22117458679429605 p s
0.16 20 4.6119723778574375 7.731051953162967 12.711042928378358 21.307528688632615 0.12835160640959398 0.21515587137230854 p s
0.17 20 4.741243350753883 7.94774896804839 13.137250877296957 22.021981251229324 0.12483206340886026 0.20925605994883575 p s
0.18 20 4.8746041215293925 8.171301759340558 13.529473775889134 22.679464271964132 0.12139622111250631 0.20349655958008575 p s
0.19 20 5.011728573998141 8.401163152657869 13.890366059399764 23.284431588276817 0.11805352677800945 0.19789316725590542 p s
0.2 20 5.152315604658145 8.636829523737525 14.222472724071086 23.841140097742088 0.11481051594229433 0.19245692572866183 p s
0.21 20 5.2960899836789475 8.877838513200851 14.528186772686935 24.353609429785845 0.1116714669895524 0.18719492840728483 p s
0.22 20 5.442799336393985 9.123796706444967 14.80974810308642 24.82535406559001 0.10863871767077808 0.18211373903691463 p s
0.23 20 5.592211555435898 9.374373669164662 15.069245714314432 25.25940853511612 0.10571294201640583 0.17722023316911434 p s
0.24 20 5.74411663921417 9.62888107416682 15.308589607324137 25.661677551904706 0.10289378408254052 0.1724823544904004 p s
0.25 20 5.8983220457640835 9.887579623131257 15.529539988446286 26.03046305745144 0.100179859576971 0.16795304299400216 p s
0.26 20 6.0546515060300745 10.149576349185045 15.733711082407815 26.37318387394797 0.09756900346132143 0.16357121604312114 p s
0.27 20 6.212949165787942 10.414771922076598 15.922536521830617 26.69094441265253 0.0950590308361233 0.15934768125140106 p s
0.28 20 6.373061112315856 10.68315813460998 16.097410911974585 26.984158788298238 0.09264613180247969 0.15530192707456217 p s
0.29 20 6.534851936895244 10.954379460099263 16.25956035931605 27.25588549017076 0.0903267883937578 0.15141521070342684 p s
0.3 20 6.698210404418666 11.22825514248797 16.410005616765638 27.507800805214984 0.08809869430809422 0.14768442850912517 p s
0.31 20 6.863017640250492 11.504478575592787 16.549800381426 27.742453382083987 0.08595750733865518 0.14409040999136066 p s
0.32 20 7.029172483675141 11.78300630487949 16.67984353161599 27.960428453445335 0.08389973349197856 0.1406412183851406 p s
0.33 20 7.196583895981465 12.063640763462168 16.800939035442823 28.163402717004804 0.08192207862860916 0.1373263777648091 p s
0.34 20 7.365164403597729 12.346238313145776 16.913844414910336 28.35262563485619 0.0800208180407545 0.13413999555997635 p s
0.35000000000000003 20 7.534835353232577 12.630650350620092 17.0192352007483 28.529343713340687 0.07819250138358781 0.13107431292895758 p s
0.36 20 7.7053103251640405 12.916777036883996 17.053209312256623 28.694438806301793 -1.0595019515190924e-05 0.1281262048464706 P s
0.37 20 7.875842417481254 13.204391464123667 17.053209144580936 28.791132638942543 -2.397543648850025e-05 -1.2743091700534025e-05 P S
0.38 20 8.046374507004865 13.492302789644302 17.053208826348218 28.791132429438115 -3.811470186183338e-05 -3.373667436591351e-05 P S
0.39 20 8.216906592239077 13.780214111190642 17.05320836638783 28.791131959951528 -5.2169183474056885e-05 -5.766124534971044e-05 P S
0.4 20 8.387438671687667 14.068125426215554 17.053207766130633 28.791131250324963 -6.616308502474888e-05 -8.14244341053944e-05 P S
0.41000000000000003 20 8.557970743880087 14.356036732177085 17.053207026641346 28.791130303233597 -8.0109821773054e-05 -0.00010507645360659667 P S
0.42 20 8.7285028073659 14.643948026581251 17.053206148767813 28.791129120613913 -9.401794451348315e-05 -0.000128643568932587 P S
0.43 20 8.899034860710332 14.931859306970564 17.053205133214178 28.79112770398421 -0.00010789338387109061 -0.00015214199581367016 P S
0.44 20 9.069566902492852 15.219770570916706 17.05320398058229 28.79112605459269 -0.00012174049584033806 -0.0001755827570152966 P S
0.45 20 9.240098931303912 15.507681816013127 17.05320269139738 28.79112417349867 -0.00013556261645215713 -0.0001989738346793876 P S
0.46 20 9.41063094574457 15.795593039877204 17.053201266125253 28.791122061621657 -0.0001493623820369724 -0.00022232127871910754 P S
0.47000000000000003 20 9.58116294442407 16.08350424014071 17.05319970518419 28.791119719773896 -0.00016314192857230287 -0.0002456298302771391 P S
0.48 20 9.751694925961191 16.37141541445233 17.053198008953707 28.79111714868229 -0.00017690302147393267 -0.00026890330732992336 P S
0.49 20 9.922226888980651 16.65932656047604 17.05319617778106 28.791114349004754 -0.00019064714392505116 -0.00029214484752251987 P S
0.01 25 4.221651001713772 7.0860061977640525 0.8284631895655141 1.3909268557286152 0.15306801112588006 0.25842990752943923 p s
0.02 25 4.234059542967105 7.106839226600613 1.65202538426383 2.7736325389325094 0.1525273122472839 0.25752718608360464 p s
0.03 25 4.254659282657569 7.1414247844461425 2.4659277249694 4.1401344393920425 0.1516360297816692 0.25603920667479063 p s
0.04 25 4.283330910057382 7.189562757520645 3.2656861427768953 5.482911068671108 0.15040849639025985 0.2539899808384965 p s
0.05 25 4.319912153775793 7.250980938419849 4.047205988077324 6.79509454193764 0.1488638426528543 0.25141155661909004 p s
0.06 25 4.364202122259793 7.325342361035677 4.806872486546796 8.070622313536465 0.14702516307584063 0.24834262026103923 p s
0.07 25 4.415966466206871 7.412253920354896 5.541613071686267 9.304341920984282 0.14491857216025755 0.24482691315699662 p s
0.08 25 4.47494292661516 7.511275799807651 6.248931074993302 10.492067102470365 0.14257222018641447 0.2409115829199247 p s
0.09 25 4.540847219392545 7.621931148169564 6.92691149743518 11.630588236283357 0.1400153360054815 0.23664557625753757 p s
0.1 25 4.613378785906108 7.743715883960384 7.574203010211078 12.717641603686378 0.13727734875508477 0.23207816788339122 p s
0.11 25 4.692226181918068 7.876107726473559 8.189981206581827 13.75184771735111 0.13438712477478557 0.22725768149315953 p s
0.12 25 4.77707216629125 8.018574678229466 8.773897288975798 14.732625507113896 0.13137234648941773 0.2222304471744957 p s
0.13 25 4.867598110714076 8.170582469042989 9.326018659111492 15.660092428490543 0.12825903575384726 0.21704000306325405 p s
0.14 25 4.963488213810822 8.331601133802076 9.846763019029225 16.53495688719325 0.1250712351107981 0.2117265418298649 p s
0.15 25 5.064431314592498 8.501110330959756 10.336842988244609 17.35841150094023 0.1218307527243662 0.2063265702014693 p s
0.16 25 5.170125733344682 8.678603239689433 10.797191572638887 18.132033667791955 0.11855715624395098 0.2008727368757369 p s
0.17 25 5.280279638480682 8.863591204497352 11.228915874308184 18.857683451089564 0.11526771537352183 0.1953938905300892 p s
0.18 25 5.394612762197711 9.055604044144053 11.633245979957517 19.537433787520623 0.11197747817854634 0.18991509834018216 p s
0.19 25 5.512857550019383 9.25419397292874 12.011491020227462 20.1734838790267 0.10869939899650273 0.1844579570493848 p s
0.2 25 5.634760049229866 9.458935489289413 12.365001023155939 20.768105669576737 0.10544451345458147 0.1790408037566839 p s
0.21 25 5.760079765800255 9.669425649886524 12.695140044040663 21.323595464532655 0.10222209271189124 0.17367899569237166 p s
0.22 25 5.888590029324566 9.885284778808632 13.003260076218488 21.8422295091569 0.0990398529793235 0.16838526423140704 p s
0.23 25 6.020076247477433 10.106155224314723 13.290693474716916 22.326239408691134 0.09590402625589296 0.16316996481084806 p s
0.24 25 6.154338716907933 10.331701370853107 13.558717154662832 22.777784843067327 0.09281977473654074 0.15804141756689385 p s
0.25 25 6.291189898018111 10.561609837789517 13.808558296870574 23.19892997788768 0.08979120787322704 0.15300628079750664 p s
0.26 25 6.430453202787199 10.79558513798243 14.041392442761927 23.591656070158393 0.08682147244038908 0.14806953334060935 p s
0.27 25 6.571965043210907 11.033353889986266 14.258320752170585 23.957818106102426 0.08391313192868377 0.143235161083172 p s
0.28 25 6.715570589972967 11.274658815790294 14.460393582087214 24.299175977469414 0.08106796821285613 0.1385059521499877 p s
0.29 25 6.86112632061394 11.519260226187242 14.648587635171397 24.617375930888134 0.07828739225066167 0.1338839138316845 p s
0.3 25 7.008499658922365 11.767141090945104 14.823804826924246 24.912495189249643 0.07557261056483257 0.12939314951406525 p s
0.31 25 7.15756247925833 12.01782322848618 14.986916295938512 25.187865768701638 0.0729240566766445 0.12500673137110888 p s
0.32 25 7.308200954908021 12.270881082998669 15.138690191623914 25.446456876353945 0.07034265173538118 0.1206963416101923 p s
0.33 25 7.460302006084638 12.526393646967124 15.279888201713135 25.687662677549763 0.06782833981089523 0.11649026765936499 p s
0.34 25 7.613764690003871 12.784794679551466 15.411183164322976 25.908296998415477 0.06538157571166602 0.11246865978613292 p s
0.35000000000000003 25 7.768494024621084 13.045215069557388 15.533203565380171 26.114500994251667 0.06300270401732913 0.10854271031194437 p s
0.36 25 7.924399632338209 13.307287291920352 15.646544136314077 26.30885739491792 0.06069183133497983 0.10467758402563981 p s
0.37 25 8.081397549696058 13.571061544788233 15.751753413862842 26.490934607422357 0.058449150330619315 0.10089497721313383 p s
0.38 25 8.239410925889242 13.836596027024576 15.84932906332236 26.660219401323587 0.05627516568509882 0.09722148931583464 p s
0.39 25 8.398380004228398 14.103950856719038 15.939640651205332 26.816153489816735 0.05417268901374148 0.09368849526686598 p s
0.4 25 8.558186344314628 14.372831632712323 16.02351827508383 26.960787334268225 0.05213278982727069 0.09026855816883537 p s
0.41000000000000003 25 8.718837597935648 14.64314041773527 16.100819110495262 27.09473220353666 0.05016942102367075 0.0869641724282203 p s
0.42 25 8.880197256287685 14.914696545080803 16.172540120340397 27.21924193051741 0.04826746156270593 0.08376020671835467 p s
0.43 25 9.04224800792665 15.187717237347629 16.238747035478934 27.332491974393374 0.04643469005516504 0.08072214800473734 p s
0.44 25 9.20494201405784 15.461697439955596 16.299755181782402 27.43830980662994 0.044672299194839685 0.07776424091530312 p s
0.45 25 9.368225940393659 15.73652865933214 16.35593441183454 27.537473406351015 0.042979353321075726 0.07487539127890615 p s
0.46 25 9.532061515776677 16.01223905254563 16.407541184372107 27.629683706846734 0.041357742768793344 0.07207540017336307 p s
0.47000000000000003 25 9.696396023327244 16.288862242925024 16.454966832359545 27.71458715503665 0.03980453960435737 0.06938869310396126 p s
0.48 25 9.861147688427373 16.5664696734017 16.49886465525056 27.791504558265306 0.038306564268578924 0.066854028549594 p s
0.49 25 10.026345101497958 16.844759620188103 16.53895745409896 27.862833336699836 0.03688162384921536 0.06440781798780526 p s
0.01 30 4.990135287829269 8.383459933410673 0.6793429920721606 1.1417096745076825 0.1530065654854835 0.25832464792709503 p s
0.02 30 5.000314918517883 8.400567930705611 1.3558852264907153 2.2787177636242264 0.15264218597974966 0.2577150698402609 p s
0.03 30 5.017234496006531 8.4290032407709 2.026882554821181 3.406417763827721 0.15203960556017498 0.25670701691201964 p s
0.04 30 5.0408252899724575 8.468650491650411 2.6897013937626233 4.520388862219297 0.15120573851572422 0.2553120799971567 p s
0.05 30 5.070993005876553 8.519351373872217 3.3418675664360467 5.61647801717617 0.15014994810156776 0.2535459546346108 p s
0.06 30 5.1076195373390565 8.580907685790693 3.981108174838675 6.690870086656503 0.14888375380216284 0.25142795011724434 p s
0.07 30 5.1505652472299355 8.653085000437237 4.60538460727946 7.740143573302488 0.147420487333124 0.2489804116945433 p s
0.08 30 5.19967137779111 8.735616818667083 5.212916417819245 8.761310560129733 0.14577491586607716 0.24622808849046604 p s
0.09 30 5.25476272263446 8.828209034342821 5.802195487782449 9.751840533997612 0.143962852592206 0.24319747987629078 p s
0.1 30 5.315650312543398 8.93054457030227 6.371991242697295 10.70966868778374 0.14200077167001335 0.23991619093767075 p s
0.11 30 5.382134365258642 9.042288012992739 6.921346605724128 11.633190210765736 0.13990544715540995 0.2364123230438443 p s
0.12 30 5.454006771095583 9.163090101464533 7.4495681311958695 12.521242664373725 0.13769362072276645 0.2327139196813792 p s
0.13 30 5.53105376877376 9.292592105838597 7.956209256849188 13.373078206645227 0.13538171499319243 0.22884848450293255 p s
0.14 30 5.613058271780663 9.430429704265938 8.44104984802357 14.18832937171787 0.1329855916874368 0.22484257494318055 p s
0.15 30 5.699802047083839 9.576236616188694 8.904072594599343 14.966969575692858 0.1305203596216275 0.22072147909193993 p s
0.16 30 5.7910675409739465 9.729647911209868 9.345438378314634 15.70927057916143 0.12800022756221852 0.21650897522932902 p s
0.17 30 5.8866396284048 9.890302695416716 9.765460405511973 16.415760169268054 0.12543840585978958 0.21222716152026833 p s
0.18 30 5.986307453699465 10.057846251095652 10.164576961792319 17.087181443710122 0.1228470617021385 0.20789634689756653 p s
0.19 30 6.0898633473020745 10.23193240792584 10.54333946855572 17.724450872591497 0.12023721464468244 0.20353502026489265 p s
0.2 30 6.197108126511984 10.412225000064238 10.902367612498859 18.32862185387374 0.1176188923920436 0.19915985376821332 p s
0.21 30 6.307847283789215 10.59839857278211 11.24235327705222 18.90085401760965 0.11500099564487788 0.1947857256952656 p s
0.22 30 6.421894171959353 10.79013967456119 11.564028841929776 19.44238145646921 0.11239143736833823 0.19042580606766865 p s
0.23 30 6.539069399149796 10.987147944867226 11.868156996587388 19.954484142034694 0.10979716123899654 0.18609167420630274 p s
0.24 30 6.659201446539224 11.189135604804948 12.155515375933216 20.43847066655944 0.10722422353417561 0.18179338850962387 p s
0.25 30 6.782126370965918 11.395828072878002 12.426887741964409 20.895657173581252 0.10467784300484925 0.17753962240849766 p s
0.26 30 6.907688696645912 11.606963774809145 12.683049726059002 21.32735308077617 0.10216252120195653 0.17333777506180825 p s
0.27 30 7.035739239702113 11.822294837870468 12.924773556700297 21.734843852783566 0.09968199559013766 0.16919414039993222 p s
0.28 30 7.166138258072956 12.041584228516452 13.152803116763977 22.11939632329681 0.09723949996525773 0.16511386992015725 p s
0.29 30 7.298752297219041 12.264610320276983 13.367866620026533 22.482222739888265 0.09483766027929123 0.1611013814104081 p s
0.3 30 7.433454763160596 12.491160312471894 13.570668654289115 22.82451108812184 0.09247859830630879 0.15716008267651957 p s
0.31 30 7.5701270471567605 12.72103567747887 13.761879674172892 23.14738688400635 0.09016408704438035 0.1532928464473007 p s
0.32 30 7.708655934002569 12.954047074438256 13.942148081457683 23.451937498192162 0.08789544568453535 0.14950179698005636 p s
0.33 30 7.848935479880527 13.190016908192856 14.112086619873281 23.73919293008206 0.08567374159578349 0.14578860123182955 p s
0.34 30 7.990866055498453 13.428776473837262 14.272275970427932 24.010139068637788 0.08349979486508478 0.1421543719684302 p s
0.35000000000000003 30 8.13435075944128 13.670168168631768 14.4232843528857 24.265702075490946 0.08137394388215799 0.1385999421807356 p s
0.36 30 8.279302880747254 13.914042199849316 14.565622206051959 24.506765557899236 0.0792967156879889 0.13512570710797792 p s
0.37 30 8.425637220261033 14.160258414493894 14.699792533604144 24.734158318668495 0.07726816742601701 0.13173186339685636 p s
0.38 30 8.573273763896163 14.409066404785113 14.826268521773752 24.946441578751273 0.07528822886909631 0.12845326173047186 p s
0.39 30 8.722138143956139 14.659742879956491 14.945490333674748 25.147838727345384 0.07335680161395064 0.125236588787463 p s
0.4 30 8.87216075100878 14.912111282453893 15.057870040901529 25.339386071442053 0.07147373275554979 0.12207369950696605 p s
0.41000000000000003 30 9.023274751037976 15.166215971078683 15.16380314382915 25.520834519070746 0.06963865873947575 0.11897705363253197 p s
0.42 30 9.175418375513614 15.422106543213513 15.263654948503268 25.691905155293185 0.06785126905527268 0.1159607918048043 p s
0.43 30 9.328531249189421 15.680228287385065 15.357782233850225 25.85002722966351 0.06611095635443678 0.11308270576690199 p s
0.44 30 9.482556758438637 15.940051568939817 15.446519295862746 25.998281308941678 0.06441708220953585 0.11029939685673952 p s
0.45 30 9.63744207595456 16.200971097619508 15.530177870748252 26.140179406842158 0.06276901672158489 0.107552502429908 p s
0.46 30 9.793141432004914 16.463011313332277 15.609027893068324 26.275583385967074 0.061166576484221455 0.10484977210850834 p s
0.47000000000000003 30 9.949606831868767 16.72619921558183 15.683352429020367 26.40434024163114 0.059608960596337204 0.1021999953193048 p s
0.48 30 10.106794166909424 16.990564834127937 15.75341167967404 26.526279412480704 0.058095472379472386 0.09961315697772247 p s
0.49 30 10.264668553339744 17.256141824878547 15.81941153222317 26.641209426975692 0.05662627834359393 0.09710061466487921 p s
0.01 35 5.758846711813522 9.681291792574722 0.575562230049473 0.9679701508235609 0.15292017135129163 0.25817805461464033 p s
0.02 35 5.767473596465 9.695800343040563 1.149379190865896 1.9330086939265219 0.15265817593467992 0.2577391423100772 p s
0.03 35 5.781822739819639 9.719932558298046 1.71973159392012 2.8922276755233365 0.15222403869286077 0.25701185216631306 p s
0.04 35 5.8018511163537605 9.753616149381966 2.2849511894754766 3.8428249321827295 0.15162147766654052 0.25600242116132 p s
0.05 35 5.827499344580835 9.796751378497243 2.843444143899102 4.782123338220682 0.15085557195824648 0.25471936922598815 p s
0.06 35 5.858692562871233 9.849212538808057 3.393711890208894 5.707605794343863 0.1499326427510018 0.2531732995580045 p s
0.07 35 5.895341518700657 9.910849658392138 3.934368822444155 6.616945176492601 0.148860110155406 0.2513766578759202 p s
0.08 35 5.937343692441368 9.981490559855537 4.464156719816618 7.508028305723719 0.14764633152566894 0.24934346134490046 p s
0.09 35 5.984584673304576 10.06094308086355 4.981955249775558 8.378973728276724 0.14630042851623024 0.24708900799716876 p s
0.1 35 6.036939565502567 10.14899742040823 5.486788782817514 9.228143230451673 0.144832109005215 0.24462957750488323 p s
0.11 35 6.094274480436631 10.24542869428583 5.977829455937536 10.054146875676603 0.14325149047536273 0.24198213487199507 p s
0.12 35 6.1564478956255515 10.349999306509835 6.454397279564468 10.85584287569426 0.14156892854878025 0.23916404372653735 p s
0.13 35 6.22331235998848 10.462461508985434 6.915956121575172 11.632331778162559 0.13979486040521438 0.23619280020877526 p s
0.14 35 6.294715672458316 10.582559673498277 7.3621085502645895 12.382946943389172 0.1379396580541481 0.2330857893926754 p s
0.15 35 6.3705022887136975 10.710032692835844 7.792587733520751 13.107240696756675 0.13601350134253917 0.2298600735723127 p s
0.16 35 6.4505146648354845 10.844615927319554 8.207247567908896 13.804968851511836 0.13402627063711756 0.22653220740320165 p s
0.17 35 6.534594361328244 10.986043322827216 8.606052175616028 14.476072132149127 0.1319874566039726 0.22311809034716368 p s
0.18 35 6.622583100734163 11.134048998617459 8.98906451341038 15.120657755735442 0.12990608963318456 0.21963284467534575 p s
0.19 35 6.714323558129297 11.288368884958478 9.356435351937147 15.73897964238859 0.1277906833568344 0.2160907275122911 p s
0.2 35 6.809660377803993 11.448742274934135 9.70839090115816 16.331418186979835 0.12564920226398446 0.21250507433163637 p s
0.21 35 6.908440954778751 11.614912602468685 10.045221178856474 16.89846309678401 0.1234890429472212 0.20888825236408554 p s
0.22 35 7.010515645158809 11.786628820764532 10.367271011465364 17.440693794857484 0.12131701459984022 0.2052516552773189 p s
0.23 35 7.115738600028715 11.963646004792013 10.674928548594965 17.95876359131278 0.11913935017423674 0.20160570076761417 p s
0.24 35 7.2239676544972165 12.14572610958187 10.968618422278297 18.45338382904312 0.11696170043618806 0.19795985179653755 p s
0.25 35 7.335065724944289 12.33263808141999 11.248788344092514 18.925311823338184 0.11478918933350017 0.19432263234382785 p s
0.26 35 7.448899825528433 12.524159388867929 11.51590732373713 19.37533295238797 0.11262639656033215 0.1907017088963725 p s
0.27 35 7.565341946705201 12.720074621383699 11.770455762052885 19.804257562772076 0.11047741019181097 0.18710387570162268 p s
0.28 35 7.684268677056455 12.920176809538061 12.012922045470141 20.212905937536636 0.10834583837819767 0.18353514748534422 p s
0.29 35 7.805561868736973 13.124267680546788 12.243794647589603 20.602099136615884 0.10623486729589404 0.18000082440984078 p s
0.3 35 7.9291077413671545 13.332156759380762 12.46356238527607 20.972656419356177 0.10414725456272361 0.17650550919684072 p s
0.31 35 8.054798157615634 13.543661346462196 12.672704500704235 21.325389299856116 0.10208542227588813 0.17305316006118374 p s
0.32 35 8.182528009871605 13.758608041131794 12.871700460097426 21.661088674976433 0.10005136475582933 0.16964722515787548 p s
0.33 35 8.312199434204619 13.976829458002124 13.061006244936964 21.980536458839563 0.09804689451046722 0.1662905408065072 p s
0.34 35 8.44371724364388 14.198166940806665 13.241074729768437 22.284488189678843 0.09607344822107942 0.16298552372630004 p s
0.35000000000000003 35 8.576991863876986 14.422470310806576 13.412339029921828 22.573670844446983 0.09413227340635753 0.1597342264403394 p s
0.36 35 8.711936172348759 14.649594045233654 13.575226629486249 22.848799020282332 0.09222428561290383 0.15653818022722285 p s
0.37 35 8.84846941743105 14.87940126679607 13.730138286518676 23.110552649329446 0.09035032594930552 0.15339866979926578 p s
0.38 35 8.985992507600495 15.111763124087277 13.754236430787945 23.359578076410354 -1.1796364797575154e-05 0.150316764678132 P s
0.39 35 9.123534871029287 15.346552385619905 13.754236247373978 23.596518296388098 -2.3393482050026057e-05 0.1472929708360928 P s
0.4 35 9.261077231442265 15.583654205364308 13.754235915240178 23.821957995379893 -3.5864483824504285e-05 0.14432794928672282 P s
0.41000000000000003 35 9.398619587431048 15.822955263678827 13.754235446344797 24.036476499107568 -4.8265571568645745e-05 0.14142188106355102 P s
0.42 35 9.536161937547753 16.064349059555365 13.754234841991906 24.240620542961313 -6.061572360025074e-05 0.1385748418288209 P s
0.43 35 9.673704280368522 16.307734781358544 13.754234103166686 24.434909207818848 -7.292578949548049e-05 0.1357867739802989 P s
0.44 35 9.811246614487978 16.553016068003174 13.75423323066057 24.61983950955531 -8.520281021596244e-05 0.13305743811514964 P s
0.45 35 9.948788938515845 16.799740922633834 13.75423222513476 24.683942179727207 -9.745172639400442e-05 -1.983018730736943e-05 P S
0.46 35 10.08633125107444 17.046580342390577 13.754231087156695 24.683941755230112 -0.00010967619831013218 -4.5697996405526765e-05 P S
0.47000000000000003 35 10.223873550797837 17.293419755042706 13.754229817223301 24.68394094395322 -0.00012187904504345299 -7.299204002535854e-05 P S
0.48 35 10.361415836328927 17.54025915672709 13.754228415776279 24.683939767834435 -0.0001340625060313986 -0.00010012106930520479 P S
0.49 35 10.49895810631917 17.787098543585987 13.754226883213104 24.683938230582317 -0.00014622840254548044 -0.00012713248880894467 P S
