775.200 0.22000 0.00000000
4794.950 0.32000 0.00000000
8996.820 0.17000 0.00000000
10048.930 0.14000 0.00000000
12002.300 0.45000 0.00000000
14726.280 0.22000 0.00000000
17816.920 0.13000 0.00000000
21385.970 0.12000 0.00000000
25849.050 0.40000 0.00000000
39485.070 0.45000 0.00000000
39748.380 0.17000 0.00000000
40117.840 0.11000 0.00000000
40916.960 0.19000 0.00000000
45871.040 0.14000 0.00000000
48769.470 0.14000 0.00000000
50704.000 0.19000 0.00000000
53077.980 0.26000 0.00000000
56454.010 0.13000 0.00000000
58262.910 0.14000 0.00000000
59523.720 0.17000 0.00000000
61460.470 0.20000 0.00000000
73551.010 0.25000 0.00000000
