790.370 0.12000 0.00000000
4810.930 0.21000 0.00000000
9004.910 0.28000 0.00000000
10065.500 0.21000 0.00000000
12012.230 0.13000 0.00000000
14742.240 0.22000 0.00000000
17824.180 0.10000 0.00000000
21395.650 0.16000 0.00000000
25866.740 0.20000 0.00000000
39490.760 0.15000 0.00000000
39766.410 0.11000 0.00000000
40124.320 0.19000 0.00000000
40933.420 0.10000 0.00000000
45879.610 0.14000 0.00000000
48778.710 0.12000 0.00000000
48818.830 0.12000 0.00000000
50709.440 0.12000 0.00000000
53086.950 0.12000 0.00000000
56475.570 0.22000 0.00000000
58274.110 0.26000 0.00000000
59533.890 0.17000 0.00000000
61465.160 0.14000 0.00000000
73570.460 0.12000 0.00000000
