3698.208 0.85000 0.00000000
6630.498 0.79000 0.00000000
6648.438 0.24000 0.00000000
7188.328 0.63000 0.00000000
10927.048 0.40000 0.00000000
16303.998 0.91000 0.00000000
16501.858 0.70000 0.00000000
18752.478 0.24000 0.00000000
19348.678 0.80000 0.00000000
22087.048 0.54000 0.00000000
24295.578 0.89000 0.00000000
26870.198 0.66000 0.00000000
38324.648 0.80000 0.00000000
42786.798 0.89000 0.00000000
47261.268 0.75000 0.00000000
57294.838 0.87000 0.00000000
68311.208 0.66000 0.00000000
75646.068 0.77000 0.00000000
78461.338 0.86000 0.00000000
79189.378 0.26000 0.00000000
84046.288 0.62000 0.00000000
