3703.288 0.79000 0.00000000
6635.608 0.76000 0.00000000
6653.538 0.30000 0.00000000
7193.388 0.75000 0.00000000
10945.928 0.29000 0.00000000
16307.938 0.78000 0.00000000
16506.968 0.83000 0.00000000
18770.988 0.32000 0.00000000
19353.758 0.76000 0.00000000
22092.118 0.68000 0.00000000
24300.678 0.85000 0.00000000
26875.328 0.73000 0.00000000
38329.738 0.78000 0.00000000
42789.128 0.85000 0.00000000
47266.378 0.76000 0.00000000
57299.918 0.76000 0.00000000
68316.248 0.75000 0.00000000
75651.318 0.76000 0.00000000
78466.418 0.77000 0.00000000
79194.198 0.71000 0.00000000
84051.338 0.78000 0.00000000
