8.000 0.21000 0.00000000
87.640 0.14000 0.00000000
681.940 0.54000 0.00000000
700.080 0.24000 0.00000000
1911.090 0.44000 0.00000000
1955.380 0.57000 0.00000000
2807.600 0.10000 0.00000000
2830.390 0.17000 0.00000000
4588.510 0.11000 0.00000000
5089.680 0.11000 0.00000000
5897.190 0.14000 0.00000000
7512.100 0.23000 0.00000000
9414.570 0.22000 0.00000000
9923.770 0.13000 0.00000000
10220.510 0.12000 0.00000000
10482.290 0.56000 0.00000000
10682.780 0.51000 0.00000000
10759.000 0.74000 0.00000000
11850.000 0.26000 0.00000000
12169.700 0.43000 0.00000000
15185.190 0.50000 0.00000000
51733.460 0.46000 0.00000000
52258.660 0.64000 0.00000000
54195.520 0.24000 0.00000000
57628.290 0.57000 0.00000000
59398.530 0.19000 0.00000000
59481.700 0.55000 0.00000000
59519.730 0.24000 0.00000000
61297.690 0.52000 0.00000000
63381.310 0.21000 0.00000000
64186.120 0.13000 0.00000000
64211.110 0.11000 0.00000000
65738.230 0.26000 0.00000000
66023.710 0.77000 0.00000000
66028.990 0.19000 0.00000000
66956.040 0.17000 0.00000000
69852.020 0.73000 0.00000000
70374.250 0.19000 0.00000000
70402.230 0.10000 0.00000000
71579.810 0.55000 0.00000000
74614.700 0.33000 0.00000000
75357.500 0.72000 0.00000000
75377.840 0.32000 0.00000000
77539.470 0.15000 0.00000000
80477.140 0.49000 0.00000000
80723.130 0.12000 0.00000000
