14.330 0.18000 0.00000000
93.680 0.13000 0.00000000
686.750 0.68000 0.00000000
704.750 0.48000 0.00000000
1915.640 0.26000 0.00000000
1959.370 0.71000 0.00000000
1982.030 0.14000 0.00000000
2809.370 0.18000 0.00000000
2841.470 0.36000 0.00000000
2870.050 0.13000 0.00000000
4601.790 0.19000 0.00000000
5093.730 0.18000 0.00000000
5900.980 0.25000 0.00000000
7517.980 0.51000 0.00000000
7535.590 0.12000 0.00000000
9441.450 0.18000 0.00000000
9932.330 0.18000 0.00000000
9958.850 0.14000 0.00000000
10221.020 0.35000 0.00000000
10259.490 0.26000 0.00000000
10487.000 0.28000 0.00000000
10686.100 0.45000 0.00000000
10711.990 0.19000 0.00000000
10762.140 0.23000 0.00000000
11855.230 0.63000 0.00000000
11901.780 0.11000 0.00000000
12176.170 0.58000 0.00000000
12190.200 0.11000 0.00000000
15190.680 0.21000 0.00000000
51741.180 0.17000 0.00000000
51760.390 0.10000 0.00000000
52267.750 0.12000 0.00000000
54207.530 0.11000 0.00000000
57635.860 0.16000 0.00000000
59407.710 0.12000 0.00000000
59485.930 0.61000 0.00000000
59523.790 0.33000 0.00000000
61303.000 0.16000 0.00000000
63386.160 0.20000 0.00000000
64190.650 0.47000 0.00000000
64216.570 0.38000 0.00000000
65742.420 0.45000 0.00000000
65763.410 0.12000 0.00000000
66033.070 0.54000 0.00000000
66960.540 0.10000 0.00000000
69861.170 0.31000 0.00000000
70374.800 0.25000 0.00000000
70403.160 0.14000 0.00000000
71589.660 0.26000 0.00000000
74618.530 0.24000 0.00000000
75358.840 0.56000 0.00000000
75379.170 0.50000 0.00000000
77540.020 0.15000 0.00000000
80480.090 0.26000 0.00000000
80505.230 0.20000 0.00000000
80724.400 0.12000 0.00000000
80739.110 0.12000 0.00000000
