4084.330 0.16000 0.00000000
6980.890 0.34000 0.00000000
11449.780 0.22000 0.00000000
12392.820 0.37000 0.00000000
15420.060 0.51000 0.00000000
17107.830 0.20000 0.00000000
19665.850 0.22000 0.00000000
19697.640 0.25000 0.00000000
33228.010 0.85000 0.00000000
34782.980 0.36000 0.00000000
39321.050 0.40000 0.00000000
41922.010 0.68000 0.00000000
47760.010 0.82000 0.00000000
59142.980 0.21000 0.00000000
59438.010 0.82000 0.00000000
60528.010 0.70000 0.00000000
61368.000 0.81000 0.00000000
61415.830 0.11000 0.00000000
61968.110 0.37000 0.00000000
64769.050 0.49000 0.00000000
66663.130 0.18000 0.00000000
85215.000 0.24000 0.00000000
86032.540 0.50000 0.00000000
