9.148 1.00 0.00000000
677.998 1.00 0.00000000
7189.038 1.00 0.00000000
8113.038 1.00 0.00000000
16304.968 1.00 0.00000000
27014.038 1.00 0.00000000
33229.118 1.00 0.00000000
41921.238 1.00 0.00000000
47257.058 1.00 0.00000000
49231.038 1.00 0.00000000
52255.968 1.00 0.00000000
57295.998 1.00 0.00000000
59478.028 1.00 0.00000000
60528.478 1.00 0.00000000
61370.028 1.00 0.00000000
69853.038 1.00 0.00000000
73213.998 1.00 0.00000000
75351.978 1.00 0.00000000
75646.778 1.00 0.00000000
78463.078 1.00 0.00000000
82915.948 1.00 0.00000000
83670.028 1.00 0.00000000
84049.038 1.00 0.00000000
