790.370 1.00 0.00000000
4810.930 1.00 0.00000000
7187.910 1.00 0.00000000
9004.910 1.00 0.00000000
10065.500 1.00 0.00000000
12012.230 1.00 0.00000000
14742.240 1.00 0.00000000
17824.180 1.00 0.00000000
21395.650 1.00 0.00000000
25866.740 1.00 0.00000000
39490.760 1.00 0.00000000
39766.410 1.00 0.00000000
40124.320 1.00 0.00000000
40933.420 1.00 0.00000000
45879.610 1.00 0.00000000
48778.710 1.00 0.00000000
48818.830 1.00 0.00000000
50709.440 1.00 0.00000000
52376.230 1.00 0.00000000
53086.950 1.00 0.00000000
56475.570 1.00 0.00000000
58274.110 1.00 0.00000000
59533.890 1.00 0.00000000
61465.160 1.00 0.00000000
63251.350 1.00 0.00000000
73570.460 1.00 0.00000000
75361.430 1.00 0.00000000
78462.070 1.00 0.00000000
