4.798 1.00 0.00000000
680.038 1.00 0.00000000
3699.988 1.00 0.00000000
7189.048 1.00 0.00000000
8115.538 1.00 0.00000000
10677.078 1.00 0.00000000
10761.098 1.00 0.00000000
15421.038 1.00 0.00000000
27013.018 1.00 0.00000000
27195.988 1.00 0.00000000
33228.448 1.00 0.00000000
41922.028 1.00 0.00000000
47257.048 1.00 0.00000000
47760.028 1.00 0.00000000
49228.728 1.00 0.00000000
57296.028 1.00 0.00000000
57630.998 1.00 0.00000000
60530.028 1.00 0.00000000
61366.988 1.00 0.00000000
63081.798 1.00 0.00000000
63262.068 1.00 0.00000000
69853.038 1.00 0.00000000
75356.028 1.00 0.00000000
75650.058 1.00 0.00000000
78464.058 1.00 0.00000000
83671.038 1.00 0.00000000
84049.008 1.00 0.00000000
