8.288 1.00 0.00000000
679.058 1.00 0.00000000
3702.998 1.00 0.00000000
6628.188 1.00 0.00000000
7186.008 1.00 0.00000000
10756.828 1.00 0.00000000
11068.668 1.00 0.00000000
15422.028 1.00 0.00000000
16303.918 1.00 0.00000000
24293.228 1.00 0.00000000
31952.648 1.00 0.00000000
33228.838 1.00 0.00000000
38322.318 1.00 0.00000000
41922.018 1.00 0.00000000
45426.778 1.00 0.00000000
47256.028 1.00 0.00000000
47759.978 1.00 0.00000000
49229.258 1.00 0.00000000
52253.998 1.00 0.00000000
57292.448 1.00 0.00000000
57631.998 1.00 0.00000000
60529.078 1.00 0.00000000
61369.038 1.00 0.00000000
73214.018 1.00 0.00000000
75643.888 1.00 0.00000000
78458.958 1.00 0.00000000
82915.038 1.00 0.00000000
83672.028 1.00 0.00000000
84043.878 1.00 0.00000000
