5.880 1.00 0.00000000
775.200 1.00 0.00000000
4794.950 1.00 0.00000000
7189.300 1.00 0.00000000
8117.350 1.00 0.00000000
8996.820 1.00 0.00000000
10048.930 1.00 0.00000000
11063.020 1.00 0.00000000
12002.300 1.00 0.00000000
14726.280 1.00 0.00000000
15418.020 1.00 0.00000000
16301.100 1.00 0.00000000
17816.920 1.00 0.00000000
21385.970 1.00 0.00000000
25849.050 1.00 0.00000000
39485.070 1.00 0.00000000
39748.380 1.00 0.00000000
40117.840 1.00 0.00000000
40916.960 1.00 0.00000000
45871.040 1.00 0.00000000
48769.470 1.00 0.00000000
49231.010 1.00 0.00000000
50704.000 1.00 0.00000000
53077.980 1.00 0.00000000
56454.010 1.00 0.00000000
57297.240 1.00 0.00000000
58262.910 1.00 0.00000000
59434.020 1.00 0.00000000
59523.720 1.00 0.00000000
61460.470 1.00 0.00000000
66027.990 1.00 0.00000000
69853.060 1.00 0.00000000
73213.030 1.00 0.00000000
73551.010 1.00 0.00000000
75353.980 1.00 0.00000000
78459.990 1.00 0.00000000
82914.000 1.00 0.00000000
83670.040 1.00 0.00000000
84045.990 1.00 0.00000000
