4.988 1.00 0.00000000
678.438 1.00 0.00000000
3698.208 1.00 0.00000000
6630.498 1.00 0.00000000
6648.438 1.00 0.00000000
7188.328 1.00 0.00000000
8113.998 1.00 0.00000000
10927.048 1.00 0.00000000
15421.068 1.00 0.00000000
16303.998 1.00 0.00000000
16501.858 1.00 0.00000000
18752.478 1.00 0.00000000
19348.678 1.00 0.00000000
22087.048 1.00 0.00000000
24295.578 1.00 0.00000000
26870.198 1.00 0.00000000
33229.048 1.00 0.00000000
34922.148 1.00 0.00000000
38324.648 1.00 0.00000000
42786.798 1.00 0.00000000
47261.268 1.00 0.00000000
47759.958 1.00 0.00000000
49231.018 1.00 0.00000000
52254.028 1.00 0.00000000
57294.838 1.00 0.00000000
59437.028 1.00 0.00000000
60528.438 1.00 0.00000000
68311.208 1.00 0.00000000
69854.048 1.00 0.00000000
75646.068 1.00 0.00000000
78461.338 1.00 0.00000000
79189.378 1.00 0.00000000
84046.288 1.00 0.00000000
