6.748 1.00 0.00000000
679.098 1.00 0.00000000
3702.028 1.00 0.00000000
7187.998 1.00 0.00000000
8114.008 1.00 0.00000000
10677.088 1.00 0.00000000
15421.048 1.00 0.00000000
16304.028 1.00 0.00000000
24295.268 1.00 0.00000000
33229.018 1.00 0.00000000
41923.038 1.00 0.00000000
45430.808 1.00 0.00000000
47257.038 1.00 0.00000000
49229.978 1.00 0.00000000
57295.048 1.00 0.00000000
57630.028 1.00 0.00000000
59436.988 1.00 0.00000000
59477.948 1.00 0.00000000
60530.018 1.00 0.00000000
61369.018 1.00 0.00000000
71576.008 1.00 0.00000000
75648.968 1.00 0.00000000
78463.028 1.00 0.00000000
82917.038 1.00 0.00000000
83671.038 1.00 0.00000000
84050.588 1.00 0.00000000
