4.008 1.00 0.00000000
679.048 1.00 0.00000000
3695.358 1.00 0.00000000
6627.848 1.00 0.00000000
7185.658 1.00 0.00000000
8115.578 1.00 0.00000000
10759.968 1.00 0.00000000
11068.468 1.00 0.00000000
15421.298 1.00 0.00000000
16303.178 1.00 0.00000000
16499.188 1.00 0.00000000
24292.888 1.00 0.00000000
33229.078 1.00 0.00000000
34919.548 1.00 0.00000000
38321.788 1.00 0.00000000
41921.978 1.00 0.00000000
47256.018 1.00 0.00000000
47761.018 1.00 0.00000000
52254.078 1.00 0.00000000
55545.888 1.00 0.00000000
57291.888 1.00 0.00000000
57632.028 1.00 0.00000000
59437.358 1.00 0.00000000
59477.898 1.00 0.00000000
61370.018 1.00 0.00000000
69852.018 1.00 0.00000000
73212.478 1.00 0.00000000
75643.278 1.00 0.00000000
78458.468 1.00 0.00000000
78503.528 1.00 0.00000000
82915.278 1.00 0.00000000
83670.008 1.00 0.00000000
