7.030 1.00 0.00000000
679.990 1.00 0.00000000
3703.030 1.00 0.00000000
7186.020 1.00 0.00000000
8113.990 1.00 0.00000000
10677.030 1.00 0.00000000
10758.470 1.00 0.00000000
16303.990 1.00 0.00000000
24292.870 1.00 0.00000000
27013.040 1.00 0.00000000
41923.030 1.00 0.00000000
47257.010 1.00 0.00000000
47760.020 1.00 0.00000000
52255.040 1.00 0.00000000
57291.980 1.00 0.00000000
57631.030 1.00 0.00000000
59437.060 1.00 0.00000000
59475.990 1.00 0.00000000
60530.010 1.00 0.00000000
61369.040 1.00 0.00000000
63260.020 1.00 0.00000000
69852.010 1.00 0.00000000
71573.990 1.00 0.00000000
75355.990 1.00 0.00000000
75649.990 1.00 0.00000000
78465.070 1.00 0.00000000
82917.030 1.00 0.00000000
83670.020 1.00 0.00000000
84045.970 1.00 0.00000000
