5.940 1.00 0.00000000
678.340 1.00 0.00000000
7189.390 1.00 0.00000000
8113.990 1.00 0.00000000
10678.310 1.00 0.00000000
10759.270 1.00 0.00000000
16304.020 1.00 0.00000000
29130.000 1.00 0.00000000
33229.310 1.00 0.00000000
41919.990 1.00 0.00000000
42784.310 1.00 0.00000000
47256.430 1.00 0.00000000
47761.030 1.00 0.00000000
49227.970 1.00 0.00000000
52254.510 1.00 0.00000000
53750.820 1.00 0.00000000
54574.870 1.00 0.00000000
57631.110 1.00 0.00000000
59478.720 1.00 0.00000000
60528.020 1.00 0.00000000
61292.980 1.00 0.00000000
71583.480 1.00 0.00000000
75355.030 1.00 0.00000000
75650.610 1.00 0.00000000
78463.040 1.00 0.00000000
82915.030 1.00 0.00000000
83671.010 1.00 0.00000000
84049.990 1.00 0.00000000
