4.988 1.00 0.00000000
679.078 1.00 0.00000000
3702.408 1.00 0.00000000
6626.388 1.00 0.00000000
15421.048 1.00 0.00000000
16304.038 1.00 0.00000000
19343.668 1.00 0.00000000
24291.508 1.00 0.00000000
41922.028 1.00 0.00000000
47257.118 1.00 0.00000000
49229.878 1.00 0.00000000
52255.078 1.00 0.00000000
57290.598 1.00 0.00000000
59437.358 1.00 0.00000000
60529.038 1.00 0.00000000
73212.018 1.00 0.00000000
75355.998 1.00 0.00000000
75642.078 1.00 0.00000000
78457.228 1.00 0.00000000
82915.868 1.00 0.00000000
83671.038 1.00 0.00000000
84048.498 1.00 0.00000000
