7.118 1.00 0.00000000
679.038 1.00 0.00000000
3703.038 1.00 0.00000000
7185.978 1.00 0.00000000
15419.998 1.00 0.00000000
16303.808 1.00 0.00000000
24297.108 1.00 0.00000000
33228.728 1.00 0.00000000
41923.018 1.00 0.00000000
45955.178 1.00 0.00000000
47760.008 1.00 0.00000000
52256.398 1.00 0.00000000
57295.048 1.00 0.00000000
57627.998 1.00 0.00000000
59435.238 1.00 0.00000000
59479.048 1.00 0.00000000
61369.368 1.00 0.00000000
69853.038 1.00 0.00000000
75649.998 1.00 0.00000000
78462.048 1.00 0.00000000
83671.998 1.00 0.00000000
84050.808 1.00 0.00000000
