5.970 1.00 0.00000000
679.030 1.00 0.00000000
3702.510 1.00 0.00000000
7185.990 1.00 0.00000000
10678.620 1.00 0.00000000
10757.980 1.00 0.00000000
16300.980 1.00 0.00000000
19348.850 1.00 0.00000000
24293.570 1.00 0.00000000
24327.430 1.00 0.00000000
38325.500 1.00 0.00000000
41923.050 1.00 0.00000000
47757.990 1.00 0.00000000
52255.140 1.00 0.00000000
54919.630 1.00 0.00000000
57292.000 1.00 0.00000000
57630.990 1.00 0.00000000
60528.470 1.00 0.00000000
61365.990 1.00 0.00000000
69852.530 1.00 0.00000000
71574.010 1.00 0.00000000
73212.530 1.00 0.00000000
75647.700 1.00 0.00000000
78459.210 1.00 0.00000000
82916.640 1.00 0.00000000
83670.510 1.00 0.00000000
84050.030 1.00 0.00000000
