3.990 1.00 0.00000000
678.320 1.00 0.00000000
1956.360 1.00 0.00000000
3694.220 1.00 0.00000000
6626.530 1.00 0.00000000
7184.350 1.00 0.00000000
8113.220 1.00 0.00000000
10759.260 1.00 0.00000000
11067.250 1.00 0.00000000
16303.850 1.00 0.00000000
18755.040 1.00 0.00000000
19344.670 1.00 0.00000000
19732.420 1.00 0.00000000
21698.550 1.00 0.00000000
24291.590 1.00 0.00000000
27013.750 1.00 0.00000000
33229.130 1.00 0.00000000
34918.310 1.00 0.00000000
38247.270 1.00 0.00000000
38320.620 1.00 0.00000000
42790.150 1.00 0.00000000
47257.320 1.00 0.00000000
47761.030 1.00 0.00000000
49230.080 1.00 0.00000000
52254.020 1.00 0.00000000
55543.880 1.00 0.00000000
57290.810 1.00 0.00000000
57631.030 1.00 0.00000000
59437.280 1.00 0.00000000
59480.580 1.00 0.00000000
61368.470 1.00 0.00000000
69852.490 1.00 0.00000000
71171.900 1.00 0.00000000
73212.130 1.00 0.00000000
75355.030 1.00 0.00000000
75642.220 1.00 0.00000000
78457.310 1.00 0.00000000
83667.980 1.00 0.00000000
84047.830 1.00 0.00000000
