3696.120 1.00 0.00000000
7186.220 1.00 0.00000000
10949.670 1.00 0.00000000
11069.620 1.00 0.00000000
16307.790 1.00 0.00000000
16497.190 1.00 0.00000000
17116.960 1.00 0.00000000
18774.130 1.00 0.00000000
19347.100 1.00 0.00000000
19734.820 1.00 0.00000000
21700.270 1.00 0.00000000
24294.020 1.00 0.00000000
34920.260 1.00 0.00000000
38322.430 1.00 0.00000000
42795.200 1.00 0.00000000
47259.570 1.00 0.00000000
55545.810 1.00 0.00000000
57293.110 1.00 0.00000000
59483.260 1.00 0.00000000
75644.480 1.00 0.00000000
78459.410 1.00 0.00000000
