7.178 1.00 0.00000000
680.008 1.00 0.00000000
3703.038 1.00 0.00000000
7189.038 1.00 0.00000000
8114.018 1.00 0.00000000
15421.038 1.00 0.00000000
16299.988 1.00 0.00000000
24293.468 1.00 0.00000000
47256.078 1.00 0.00000000
47761.068 1.00 0.00000000
49231.018 1.00 0.00000000
52254.038 1.00 0.00000000
57295.268 1.00 0.00000000
57631.008 1.00 0.00000000
59437.018 1.00 0.00000000
60529.048 1.00 0.00000000
61370.038 1.00 0.00000000
69852.038 1.00 0.00000000
71574.508 1.00 0.00000000
73213.918 1.00 0.00000000
75645.968 1.00 0.00000000
78459.998 1.00 0.00000000
84048.028 1.00 0.00000000
