5.990 1.00 0.00000000
675.990 1.00 0.00000000
3703.110 1.00 0.00000000
7188.320 1.00 0.00000000
8112.960 1.00 0.00000000
15419.990 1.00 0.00000000
16301.990 1.00 0.00000000
27013.990 1.00 0.00000000
33228.010 1.00 0.00000000
41922.750 1.00 0.00000000
47259.090 1.00 0.00000000
49230.020 1.00 0.00000000
52255.520 1.00 0.00000000
57295.360 1.00 0.00000000
57632.580 1.00 0.00000000
59475.990 1.00 0.00000000
60528.020 1.00 0.00000000
61369.040 1.00 0.00000000
66029.240 1.00 0.00000000
69854.590 1.00 0.00000000
75650.030 1.00 0.00000000
82913.940 1.00 0.00000000
83672.000 1.00 0.00000000
84049.600 1.00 0.00000000
