3.200 1.00 0.00000000
3703.050 1.00 0.00000000
7188.470 1.00 0.00000000
8112.050 1.00 0.00000000
16299.990 1.00 0.00000000
33228.020 1.00 0.00000000
47760.530 1.00 0.00000000
49231.080 1.00 0.00000000
57294.630 1.00 0.00000000
57631.910 1.00 0.00000000
59436.980 1.00 0.00000000
61368.020 1.00 0.00000000
69852.510 1.00 0.00000000
71577.110 1.00 0.00000000
73213.930 1.00 0.00000000
75356.010 1.00 0.00000000
75650.710 1.00 0.00000000
78461.990 1.00 0.00000000
82917.070 1.00 0.00000000
83671.010 1.00 0.00000000
84048.510 1.00 0.00000000
