7.990 1.00 0.00000000
681.840 1.00 0.00000000
3703.030 1.00 0.00000000
7185.990 1.00 0.00000000
10759.030 1.00 0.00000000
15421.030 1.00 0.00000000
16304.010 1.00 0.00000000
23759.360 1.00 0.00000000
24298.610 1.00 0.00000000
26842.360 1.00 0.00000000
33228.470 1.00 0.00000000
41919.990 1.00 0.00000000
47257.030 1.00 0.00000000
49230.000 1.00 0.00000000
57291.980 1.00 0.00000000
59436.980 1.00 0.00000000
60525.990 1.00 0.00000000
61299.380 1.00 0.00000000
69853.040 1.00 0.00000000
75351.980 1.00 0.00000000
75648.470 1.00 0.00000000
83667.990 1.00 0.00000000
84049.000 1.00 0.00000000
