4.988 1.00 0.00000000
679.038 1.00 0.00000000
3703.078 1.00 0.00000000
7189.038 1.00 0.00000000
8113.008 1.00 0.00000000
10677.598 1.00 0.00000000
10759.998 1.00 0.00000000
15422.038 1.00 0.00000000
16303.998 1.00 0.00000000
33229.038 1.00 0.00000000
41923.038 1.00 0.00000000
45965.548 1.00 0.00000000
47256.028 1.00 0.00000000
49232.008 1.00 0.00000000
52256.038 1.00 0.00000000
57295.998 1.00 0.00000000
57631.038 1.00 0.00000000
59479.008 1.00 0.00000000
60529.308 1.00 0.00000000
61369.048 1.00 0.00000000
69852.028 1.00 0.00000000
71576.008 1.00 0.00000000
73215.088 1.00 0.00000000
75355.998 1.00 0.00000000
75649.998 1.00 0.00000000
78459.968 1.00 0.00000000
82916.028 1.00 0.00000000
83671.038 1.00 0.00000000
84048.038 1.00 0.00000000
