4.928 1.00 0.00000000
3703.038 1.00 0.00000000
7189.018 1.00 0.00000000
8113.018 1.00 0.00000000
15421.038 1.00 0.00000000
16303.878 1.00 0.00000000
24291.428 1.00 0.00000000
27012.968 1.00 0.00000000
33229.038 1.00 0.00000000
45965.188 1.00 0.00000000
47256.018 1.00 0.00000000
47759.998 1.00 0.00000000
49229.928 1.00 0.00000000
52253.948 1.00 0.00000000
57294.018 1.00 0.00000000
57630.018 1.00 0.00000000
60528.968 1.00 0.00000000
61369.078 1.00 0.00000000
68314.378 1.00 0.00000000
69852.018 1.00 0.00000000
73213.998 1.00 0.00000000
75354.988 1.00 0.00000000
75649.038 1.00 0.00000000
78463.358 1.00 0.00000000
83670.028 1.00 0.00000000
84049.118 1.00 0.00000000
