5.993 1.00 0.00000000
679.003 1.00 0.00000000
3702.013 1.00 0.00000000
7188.473 1.00 0.00000000
15421.013 1.00 0.00000000
16303.993 1.00 0.00000000
33227.993 1.00 0.00000000
47256.013 1.00 0.00000000
49231.173 1.00 0.00000000
52255.953 1.00 0.00000000
57295.043 1.00 0.00000000
59437.003 1.00 0.00000000
59477.883 1.00 0.00000000
60529.223 1.00 0.00000000
61369.043 1.00 0.00000000
69852.023 1.00 0.00000000
71573.993 1.00 0.00000000
73215.073 1.00 0.00000000
75355.003 1.00 0.00000000
75649.033 1.00 0.00000000
78464.003 1.00 0.00000000
83669.993 1.00 0.00000000
84048.013 1.00 0.00000000
