3699.968 1.00 0.00000000
7189.068 1.00 0.00000000
8114.038 1.00 0.00000000
10924.618 1.00 0.00000000
11063.508 1.00 0.00000000
15421.018 1.00 0.00000000
16304.018 1.00 0.00000000
18749.748 1.00 0.00000000
24296.788 1.00 0.00000000
33229.018 1.00 0.00000000
38325.818 1.00 0.00000000
41923.038 1.00 0.00000000
42786.558 1.00 0.00000000
47257.018 1.00 0.00000000
47760.018 1.00 0.00000000
49229.898 1.00 0.00000000
52254.048 1.00 0.00000000
57296.068 1.00 0.00000000
57630.018 1.00 0.00000000
59437.298 1.00 0.00000000
68312.468 1.00 0.00000000
69852.038 1.00 0.00000000
71575.998 1.00 0.00000000
75356.668 1.00 0.00000000
75646.988 1.00 0.00000000
78462.398 1.00 0.00000000
82919.178 1.00 0.00000000
83670.018 1.00 0.00000000
84045.988 1.00 0.00000000
