3.990 1.00 0.00000000
677.350 1.00 0.00000000
3702.050 1.00 0.00000000
6630.500 1.00 0.00000000
7188.080 1.00 0.00000000
10926.040 1.00 0.00000000
15420.010 1.00 0.00000000
16306.390 1.00 0.00000000
18749.710 1.00 0.00000000
24295.450 1.00 0.00000000
33225.970 1.00 0.00000000
34918.220 1.00 0.00000000
38245.300 1.00 0.00000000
38324.620 1.00 0.00000000
41922.020 1.00 0.00000000
47256.050 1.00 0.00000000
48585.690 1.00 0.00000000
52254.030 1.00 0.00000000
57294.860 1.00 0.00000000
59437.600 1.00 0.00000000
63259.000 1.00 0.00000000
75646.150 1.00 0.00000000
78461.060 1.00 0.00000000
82911.500 1.00 0.00000000
84045.990 1.00 0.00000000
