5.990 1.00 0.00000000
679.270 1.00 0.00000000
3702.080 1.00 0.00000000
7190.610 1.00 0.00000000
8112.010 1.00 0.00000000
16303.030 1.00 0.00000000
23758.290 1.00 0.00000000
24294.780 1.00 0.00000000
27013.600 1.00 0.00000000
41922.020 1.00 0.00000000
47258.020 1.00 0.00000000
47760.020 1.00 0.00000000
49230.450 1.00 0.00000000
52255.090 1.00 0.00000000
57295.360 1.00 0.00000000
57630.470 1.00 0.00000000
59437.000 1.00 0.00000000
61368.060 1.00 0.00000000
66028.000 1.00 0.00000000
69853.990 1.00 0.00000000
71577.630 1.00 0.00000000
73215.960 1.00 0.00000000
75645.990 1.00 0.00000000
78463.860 1.00 0.00000000
82914.940 1.00 0.00000000
84047.460 1.00 0.00000000
