7.114 1.00 0.00000000
676.024 1.00 0.00000000
3703.035 1.00 0.00000000
7189.034 1.00 0.00000000
8114.025 1.00 0.00000000
15419.895 1.00 0.00000000
16304.754 1.00 0.00000000
27012.995 1.00 0.00000000
33229.014 1.00 0.00000000
47256.024 1.00 0.00000000
49227.995 1.00 0.00000000
57295.984 1.00 0.00000000
57632.584 1.00 0.00000000
59436.474 1.00 0.00000000
59478.005 1.00 0.00000000
60528.014 1.00 0.00000000
61370.024 1.00 0.00000000
69853.995 1.00 0.00000000
75355.995 1.00 0.00000000
75648.265 1.00 0.00000000
78463.955 1.00 0.00000000
83671.995 1.00 0.00000000
84049.064 1.00 0.00000000
