5.165 1.00 0.00000000
680.024 1.00 0.00000000
3702.055 1.00 0.00000000
7189.034 1.00 0.00000000
8114.025 1.00 0.00000000
10677.065 1.00 0.00000000
15421.034 1.00 0.00000000
16304.004 1.00 0.00000000
33225.995 1.00 0.00000000
41923.035 1.00 0.00000000
47257.035 1.00 0.00000000
47760.024 1.00 0.00000000
49232.024 1.00 0.00000000
52255.995 1.00 0.00000000
57295.285 1.00 0.00000000
57631.045 1.00 0.00000000
59437.995 1.00 0.00000000
59480.075 1.00 0.00000000
60529.035 1.00 0.00000000
63259.005 1.00 0.00000000
66029.224 1.00 0.00000000
69852.045 1.00 0.00000000
75355.995 1.00 0.00000000
75649.034 1.00 0.00000000
78464.054 1.00 0.00000000
82916.015 1.00 0.00000000
83671.015 1.00 0.00000000
84049.974 1.00 0.00000000
