3.998 1.00 0.00000000
679.018 1.00 0.00000000
3698.068 1.00 0.00000000
3953.018 1.00 0.00000000
6630.708 1.00 0.00000000
7188.098 1.00 0.00000000
8113.998 1.00 0.00000000
15421.068 1.00 0.00000000
16302.208 1.00 0.00000000
18755.168 1.00 0.00000000
24295.368 1.00 0.00000000
27014.028 1.00 0.00000000
33229.118 1.00 0.00000000
38325.348 1.00 0.00000000
41923.038 1.00 0.00000000
42788.868 1.00 0.00000000
45955.918 1.00 0.00000000
47256.058 1.00 0.00000000
47761.008 1.00 0.00000000
49229.888 1.00 0.00000000
57295.308 1.00 0.00000000
60526.968 1.00 0.00000000
61369.048 1.00 0.00000000
63259.038 1.00 0.00000000
69852.028 1.00 0.00000000
71575.118 1.00 0.00000000
75646.018 1.00 0.00000000
78461.058 1.00 0.00000000
84046.048 1.00 0.00000000
