4087.030 1.00 0.00000000
4127.450 1.00 0.00000000
6985.090 1.00 0.00000000
7190.390 1.00 0.00000000
11452.930 1.00 0.00000000
12396.220 1.00 0.00000000
15424.290 1.00 0.00000000
17112.120 1.00 0.00000000
19669.260 1.00 0.00000000
19701.510 1.00 0.00000000
22080.790 1.00 0.00000000
24296.550 1.00 0.00000000
33232.630 1.00 0.00000000
34789.340 1.00 0.00000000
39327.120 1.00 0.00000000
41927.270 1.00 0.00000000
47767.530 1.00 0.00000000
54916.180 1.00 0.00000000
57300.870 1.00 0.00000000
59148.250 1.00 0.00000000
59441.440 1.00 0.00000000
60531.760 1.00 0.00000000
61372.050 1.00 0.00000000
61974.550 1.00 0.00000000
64776.210 1.00 0.00000000
66676.830 1.00 0.00000000
78462.070 1.00 0.00000000
85218.630 1.00 0.00000000
86036.390 1.00 0.00000000
