675.960 1.00 0.00000000
4084.330 1.00 0.00000000
6980.890 1.00 0.00000000
7185.990 1.00 0.00000000
11449.780 1.00 0.00000000
12392.820 1.00 0.00000000
15420.060 1.00 0.00000000
17107.830 1.00 0.00000000
19665.850 1.00 0.00000000
19697.640 1.00 0.00000000
24297.350 1.00 0.00000000
33228.010 1.00 0.00000000
34782.980 1.00 0.00000000
39321.050 1.00 0.00000000
41922.010 1.00 0.00000000
45957.860 1.00 0.00000000
47760.010 1.00 0.00000000
57295.920 1.00 0.00000000
59142.980 1.00 0.00000000
59438.010 1.00 0.00000000
60528.010 1.00 0.00000000
61368.000 1.00 0.00000000
61415.830 1.00 0.00000000
61968.110 1.00 0.00000000
64769.050 1.00 0.00000000
66663.130 1.00 0.00000000
75649.360 1.00 0.00000000
78459.980 1.00 0.00000000
84050.020 1.00 0.00000000
85215.000 1.00 0.00000000
86032.540 1.00 0.00000000
