5.278 1.00 0.00000000
679.048 1.00 0.00000000
3702.028 1.00 0.00000000
7188.518 1.00 0.00000000
10757.838 1.00 0.00000000
15421.038 1.00 0.00000000
16303.818 1.00 0.00000000
41923.038 1.00 0.00000000
47256.018 1.00 0.00000000
47759.948 1.00 0.00000000
49231.998 1.00 0.00000000
52253.948 1.00 0.00000000
57295.058 1.00 0.00000000
57631.008 1.00 0.00000000
59433.938 1.00 0.00000000
60529.118 1.00 0.00000000
61369.408 1.00 0.00000000
69853.938 1.00 0.00000000
73213.048 1.00 0.00000000
75648.018 1.00 0.00000000
78463.948 1.00 0.00000000
84050.008 1.00 0.00000000
