6.248 1.00 0.00000000
679.008 1.00 0.00000000
3703.038 1.00 0.00000000
7185.998 1.00 0.00000000
8115.038 1.00 0.00000000
10758.478 1.00 0.00000000
16304.638 1.00 0.00000000
24292.938 1.00 0.00000000
27014.028 1.00 0.00000000
33229.008 1.00 0.00000000
41923.008 1.00 0.00000000
45428.148 1.00 0.00000000
47257.038 1.00 0.00000000
52254.028 1.00 0.00000000
57292.028 1.00 0.00000000
57631.978 1.00 0.00000000
59437.358 1.00 0.00000000
59477.888 1.00 0.00000000
60529.018 1.00 0.00000000
61369.038 1.00 0.00000000
69852.498 1.00 0.00000000
71585.568 1.00 0.00000000
73213.998 1.00 0.00000000
75354.988 1.00 0.00000000
75645.998 1.00 0.00000000
78462.568 1.00 0.00000000
82921.058 1.00 0.00000000
83670.048 1.00 0.00000000
84045.998 1.00 0.00000000
