680.528 1.00 0.00000000
3703.078 1.00 0.00000000
6628.468 1.00 0.00000000
7186.548 1.00 0.00000000
11069.428 1.00 0.00000000
16300.678 1.00 0.00000000
24293.878 1.00 0.00000000
27012.988 1.00 0.00000000
33225.998 1.00 0.00000000
34920.478 1.00 0.00000000
38322.858 1.00 0.00000000
47259.518 1.00 0.00000000
47761.018 1.00 0.00000000
49230.018 1.00 0.00000000
55546.108 1.00 0.00000000
57293.048 1.00 0.00000000
57631.038 1.00 0.00000000
59437.998 1.00 0.00000000
60529.298 1.00 0.00000000
73215.038 1.00 0.00000000
75644.388 1.00 0.00000000
75688.678 1.00 0.00000000
78459.638 1.00 0.00000000
83670.028 1.00 0.00000000
84046.748 1.00 0.00000000
