9.280 1.00 0.00000000
678.320 1.00 0.00000000
3702.470 1.00 0.00000000
7185.990 1.00 0.00000000
8114.030 1.00 0.00000000
10677.060 1.00 0.00000000
10760.030 1.00 0.00000000
15421.030 1.00 0.00000000
24293.250 1.00 0.00000000
27017.150 1.00 0.00000000
33229.110 1.00 0.00000000
41923.030 1.00 0.00000000
47257.290 1.00 0.00000000
49232.000 1.00 0.00000000
52255.030 1.00 0.00000000
57292.060 1.00 0.00000000
57627.990 1.00 0.00000000
59434.030 1.00 0.00000000
59480.030 1.00 0.00000000
60530.610 1.00 0.00000000
61370.000 1.00 0.00000000
63259.990 1.00 0.00000000
69854.010 1.00 0.00000000
73210.590 1.00 0.00000000
75355.990 1.00 0.00000000
75645.970 1.00 0.00000000
78460.020 1.00 0.00000000
83671.040 1.00 0.00000000
84045.990 1.00 0.00000000
