4.020 1.00 0.00000000
680.020 1.00 0.00000000
3699.970 1.00 0.00000000
8112.980 1.00 0.00000000
10678.430 1.00 0.00000000
15421.990 1.00 0.00000000
16303.090 1.00 0.00000000
33227.220 1.00 0.00000000
38315.160 1.00 0.00000000
47256.010 1.00 0.00000000
52255.510 1.00 0.00000000
57294.470 1.00 0.00000000
57631.990 1.00 0.00000000
59437.360 1.00 0.00000000
59479.030 1.00 0.00000000
60529.990 1.00 0.00000000
71576.000 1.00 0.00000000
73213.990 1.00 0.00000000
75355.970 1.00 0.00000000
75646.250 1.00 0.00000000
78459.990 1.00 0.00000000
82919.820 1.00 0.00000000
83671.370 1.00 0.00000000
84048.430 1.00 0.00000000
