3.998 1.00 0.00000000
679.038 1.00 0.00000000
3703.078 1.00 0.00000000
7183.668 1.00 0.00000000
15420.988 1.00 0.00000000
16301.948 1.00 0.00000000
24290.838 1.00 0.00000000
27014.038 1.00 0.00000000
33229.018 1.00 0.00000000
38319.758 1.00 0.00000000
41923.038 1.00 0.00000000
47256.028 1.00 0.00000000
47760.018 1.00 0.00000000
52253.978 1.00 0.00000000
57290.038 1.00 0.00000000
57630.028 1.00 0.00000000
59437.298 1.00 0.00000000
60529.078 1.00 0.00000000
61370.038 1.00 0.00000000
69853.018 1.00 0.00000000
71576.028 1.00 0.00000000
75641.278 1.00 0.00000000
78456.558 1.00 0.00000000
83670.068 1.00 0.00000000
84047.288 1.00 0.00000000
