6.038 1.00 0.00000000
679.038 1.00 0.00000000
3703.078 1.00 0.00000000
7185.978 1.00 0.00000000
16301.678 1.00 0.00000000
33228.988 1.00 0.00000000
41923.038 1.00 0.00000000
47255.958 1.00 0.00000000
49232.028 1.00 0.00000000
52253.998 1.00 0.00000000
57291.978 1.00 0.00000000
57630.028 1.00 0.00000000
59478.508 1.00 0.00000000
60529.998 1.00 0.00000000
61369.078 1.00 0.00000000
69853.058 1.00 0.00000000
73213.998 1.00 0.00000000
75354.988 1.00 0.00000000
75650.008 1.00 0.00000000
78464.008 1.00 0.00000000
82917.878 1.00 0.00000000
83670.028 1.00 0.00000000
84049.978 1.00 0.00000000
