4.028 1.00 0.00000000
679.018 1.00 0.00000000
3703.058 1.00 0.00000000
7189.038 1.00 0.00000000
8114.038 1.00 0.00000000
16303.978 1.00 0.00000000
27013.918 1.00 0.00000000
33229.018 1.00 0.00000000
41923.038 1.00 0.00000000
47257.038 1.00 0.00000000
47761.038 1.00 0.00000000
52254.018 1.00 0.00000000
57295.368 1.00 0.00000000
57630.078 1.00 0.00000000
59437.008 1.00 0.00000000
61369.358 1.00 0.00000000
69852.538 1.00 0.00000000
71575.998 1.00 0.00000000
75355.918 1.00 0.00000000
75648.478 1.00 0.00000000
78462.968 1.00 0.00000000
83671.018 1.00 0.00000000
84047.888 1.00 0.00000000
