7.230 1.00 0.00000000
3702.020 1.00 0.00000000
7185.980 1.00 0.00000000
8113.010 1.00 0.00000000
8955.000 1.00 0.00000000
16302.040 1.00 0.00000000
27018.780 1.00 0.00000000
39672.370 1.00 0.00000000
45960.460 1.00 0.00000000
49228.990 1.00 0.00000000
52152.240 1.00 0.00000000
52254.010 1.00 0.00000000
57295.380 1.00 0.00000000
59433.990 1.00 0.00000000
59477.980 1.00 0.00000000
61368.020 1.00 0.00000000
61954.990 1.00 0.00000000
71153.030 1.00 0.00000000
73212.020 1.00 0.00000000
75355.990 1.00 0.00000000
78462.530 1.00 0.00000000
80909.880 1.00 0.00000000
82914.020 1.00 0.00000000
83673.010 1.00 0.00000000
83709.930 1.00 0.00000000
