679.068 1.00 0.00000000
3703.038 1.00 0.00000000
7189.038 1.00 0.00000000
8113.018 1.00 0.00000000
15420.018 1.00 0.00000000
16303.958 1.00 0.00000000
27012.988 1.00 0.00000000
33229.048 1.00 0.00000000
41923.008 1.00 0.00000000
45955.068 1.00 0.00000000
47257.058 1.00 0.00000000
47759.858 1.00 0.00000000
49232.028 1.00 0.00000000
52254.028 1.00 0.00000000
52375.738 1.00 0.00000000
57295.958 1.00 0.00000000
57631.018 1.00 0.00000000
60530.038 1.00 0.00000000
61369.298 1.00 0.00000000
69853.158 1.00 0.00000000
73214.008 1.00 0.00000000
75649.078 1.00 0.00000000
78461.998 1.00 0.00000000
83670.008 1.00 0.00000000
84049.078 1.00 0.00000000
