5.960 1.00 0.00000000
679.040 1.00 0.00000000
7189.010 1.00 0.00000000
8114.580 1.00 0.00000000
10760.020 1.00 0.00000000
16304.670 1.00 0.00000000
38243.380 1.00 0.00000000
38324.580 1.00 0.00000000
47257.630 1.00 0.00000000
52256.310 1.00 0.00000000
57295.350 1.00 0.00000000
57631.990 1.00 0.00000000
59436.980 1.00 0.00000000
61368.020 1.00 0.00000000
69854.010 1.00 0.00000000
73214.030 1.00 0.00000000
75650.310 1.00 0.00000000
78459.990 1.00 0.00000000
83671.010 1.00 0.00000000
84049.390 1.00 0.00000000
