8.038 1.00 0.00000000
679.078 1.00 0.00000000
3703.118 1.00 0.00000000
7189.038 1.00 0.00000000
10677.038 1.00 0.00000000
15419.958 1.00 0.00000000
16303.998 1.00 0.00000000
23755.198 1.00 0.00000000
27013.008 1.00 0.00000000
33229.088 1.00 0.00000000
41923.038 1.00 0.00000000
47759.998 1.00 0.00000000
52254.018 1.00 0.00000000
57293.948 1.00 0.00000000
57632.038 1.00 0.00000000
59437.978 1.00 0.00000000
60529.008 1.00 0.00000000
61369.018 1.00 0.00000000
69853.018 1.00 0.00000000
73213.038 1.00 0.00000000
75355.998 1.00 0.00000000
75646.008 1.00 0.00000000
78463.298 1.00 0.00000000
82918.638 1.00 0.00000000
83667.998 1.00 0.00000000
84047.998 1.00 0.00000000
