6.088 1.00 0.00000000
679.038 1.00 0.00000000
7189.038 1.00 0.00000000
11066.078 1.00 0.00000000
15421.078 1.00 0.00000000
16302.558 1.00 0.00000000
33229.038 1.00 0.00000000
38323.468 1.00 0.00000000
41923.038 1.00 0.00000000
47256.498 1.00 0.00000000
52255.788 1.00 0.00000000
57294.538 1.00 0.00000000
57319.518 1.00 0.00000000
57632.638 1.00 0.00000000
59437.358 1.00 0.00000000
69854.018 1.00 0.00000000
71578.358 1.00 0.00000000
73212.668 1.00 0.00000000
75355.978 1.00 0.00000000
75649.018 1.00 0.00000000
78463.918 1.00 0.00000000
84049.058 1.00 0.00000000
