3.998 1.00 0.00000000
679.008 1.00 0.00000000
3699.998 1.00 0.00000000
7188.028 1.00 0.00000000
8115.218 1.00 0.00000000
15421.918 1.00 0.00000000
16304.038 1.00 0.00000000
33229.008 1.00 0.00000000
41923.038 1.00 0.00000000
45954.798 1.00 0.00000000
47256.058 1.00 0.00000000
52254.028 1.00 0.00000000
57294.028 1.00 0.00000000
59434.988 1.00 0.00000000
61369.068 1.00 0.00000000
69853.018 1.00 0.00000000
73214.018 1.00 0.00000000
75351.998 1.00 0.00000000
75648.418 1.00 0.00000000
78461.998 1.00 0.00000000
83671.998 1.00 0.00000000
84049.838 1.00 0.00000000
