5.248 1.00 0.00000000
679.038 1.00 0.00000000
3695.828 1.00 0.00000000
6627.828 1.00 0.00000000
7185.988 1.00 0.00000000
15421.018 1.00 0.00000000
16302.048 1.00 0.00000000
24292.858 1.00 0.00000000
27015.068 1.00 0.00000000
33200.108 1.00 0.00000000
33229.268 1.00 0.00000000
41923.028 1.00 0.00000000
47256.048 1.00 0.00000000
47758.028 1.00 0.00000000
49231.998 1.00 0.00000000
55544.068 1.00 0.00000000
57291.978 1.00 0.00000000
57631.998 1.00 0.00000000
59433.998 1.00 0.00000000
59478.478 1.00 0.00000000
60525.998 1.00 0.00000000
69853.038 1.00 0.00000000
75355.008 1.00 0.00000000
75645.988 1.00 0.00000000
78460.028 1.00 0.00000000
83671.018 1.00 0.00000000
84045.948 1.00 0.00000000
