4.980 1.00 0.00000000
675.990 1.00 0.00000000
7189.000 1.00 0.00000000
8114.580 1.00 0.00000000
15420.980 1.00 0.00000000
19345.750 1.00 0.00000000
24291.980 1.00 0.00000000
33225.990 1.00 0.00000000
41923.030 1.00 0.00000000
47255.370 1.00 0.00000000
52254.070 1.00 0.00000000
55549.780 1.00 0.00000000
57295.830 1.00 0.00000000
57631.970 1.00 0.00000000
59437.520 1.00 0.00000000
61368.470 1.00 0.00000000
63259.950 1.00 0.00000000
71167.590 1.00 0.00000000
73210.660 1.00 0.00000000
75649.030 1.00 0.00000000
78464.030 1.00 0.00000000
82918.490 1.00 0.00000000
83670.020 1.00 0.00000000
