9.140 1.00 0.00000000
678.370 1.00 0.00000000
3703.360 1.00 0.00000000
7186.980 1.00 0.00000000
10761.090 1.00 0.00000000
15420.100 1.00 0.00000000
16303.990 1.00 0.00000000
19339.960 1.00 0.00000000
33229.050 1.00 0.00000000
38245.400 1.00 0.00000000
47257.220 1.00 0.00000000
47757.990 1.00 0.00000000
48587.920 1.00 0.00000000
52256.030 1.00 0.00000000
55545.120 1.00 0.00000000
57294.320 1.00 0.00000000
57631.930 1.00 0.00000000
59437.950 1.00 0.00000000
59478.020 1.00 0.00000000
60528.580 1.00 0.00000000
61369.000 1.00 0.00000000
63260.040 1.00 0.00000000
69853.050 1.00 0.00000000
71575.940 1.00 0.00000000
78456.360 1.00 0.00000000
82914.660 1.00 0.00000000
83671.030 1.00 0.00000000
