6.790 1.00 0.00000000
3703.030 1.00 0.00000000
7190.020 1.00 0.00000000
8114.020 1.00 0.00000000
15422.580 1.00 0.00000000
16304.980 1.00 0.00000000
24301.190 1.00 0.00000000
33226.020 1.00 0.00000000
47256.380 1.00 0.00000000
47757.990 1.00 0.00000000
49230.980 1.00 0.00000000
52255.050 1.00 0.00000000
57296.600 1.00 0.00000000
57631.030 1.00 0.00000000
59437.400 1.00 0.00000000
59476.980 1.00 0.00000000
61367.990 1.00 0.00000000
65468.240 1.00 0.00000000
69854.020 1.00 0.00000000
71577.080 1.00 0.00000000
75649.090 1.00 0.00000000
78463.340 1.00 0.00000000
82916.010 1.00 0.00000000
83670.020 1.00 0.00000000
